0.265878 167.305482031172 60.9056179688275 116.855872031172
0.271762 155.473184196479 69.2835158035209 105.916344196479
0.277593 141.186271324422 49.9046286755778 98.4434413244222
0.283373 131.267537568168 50.6528624318316 90.5464875681685
0.289105 117.805666655026 55.9645333449745 79.4545466550255
0.294791 87.3929327364867 67.9050672635133 53.5685327364867
0.300433 91.6284752116608 47.7900247883392 61.9449352116608
0.306034 84.4763078660005 29.9557921339995 60.1488378660005
0.311595 79.5512885103531 26.9439114896469 57.3230285103531
0.317118 72.0047154155498 32.0532845844502 50.5460154155498
0.322604 66.0529755779629 29.8684344220371 46.2762555779629
0.328056 59.1412517622823 27.5097482377177 41.4156517622823
0.333475 54.1731241953682 27.1248358046318 37.7095541953682
0.338862 47.9744004729322 27.2628595270678 32.8535604729322
0.344218 39.3618196615735 27.6892303384265 26.1907496615735
0.349546 37.9217543702445 29.4339056297555 24.6414543702445
0.354846 35.2937225948855 25.0372074051145 23.5200125948855
0.360119 30.3794563952951 25.0560636047049 19.6331663952951
0.365367 27.8857576950313 22.9512723049687 18.0313116950313
0.370590 26.7705811833952 21.8061888166048 17.1720471833952
0.375791 24.8922817372765 19.4377382627235 16.1808927372765
0.380969 30.4643847540261 16.0993352459739 21.0669337540261
0.386125 29.9276204915061 18.7471195084939 19.9500834915061
0.391261 27.035129231856 11.441430768144 18.992325231856
0.396378 26.8431969024063 15.6212930975937 17.8332729024063
0.401477 24.8750444026553 12.5982855973447 16.6778294026553
0.406557 23.6652540076589 11.8258959923411 15.7579620076589
0.411620 21.0166693915564 13.0341606084435 13.2269813915564
0.416668 20.8402788433613 13.9517111566387 12.9149498433613
0.421700 18.9247399999142 9.7110700000858 12.2180549999142
0.426717 18.515950104143 9.55042989585704 11.858019104143
0.431720 17.686464293617 8.54115570638303 11.320534293617
0.436709 17.4869790863432 9.9213009136568 10.6921530863432
0.441686 17.198316152334 9.76138384766599 10.335152152334
0.446651 15.6703234570281 8.86353654297195 9.31683645702805
0.451605 15.8875773724561 9.69423262754389 9.08445837245611
0.456547 14.832558705398 8.83141129460202 8.45101170539798
0.461480 13.7475239452704 8.17457605472964 7.67671694527036
0.466402 13.5896560700592 9.22406392994076 7.19083907005924
0.471316 13.342484321848 7.85847567815202 7.25988132184798
0.476221 13.8715778461674 8.03133215383259 7.46609884616741
0.481118 14.0064954360682 7.73386456393179 7.49705443606821
0.486007 15.918646881512 5.12570311848803 9.53842688151197
0.490889 12.6792332880203 6.85942671197966 6.64539428802034
0.495765 12.3185304272182 6.92198957278176 6.34090842721824
0.500634 12.1294562141144 6.4810537858856 6.2341642141144
0.505498 11.7360399832267 6.6523500167733 5.9117369832267
0.510357 13.6477522686631 3.96529773133691 7.94617126866309
0.515211 12.6191939351017 5.10417606489825 6.86909593510174
0.520061 12.649016044487 5.24877395551296 6.75339004448704
0.524907 11.9644498720991 4.54522012790095 6.48036087209905
0.529749 11.9815843996882 4.55838560031181 6.4213513996882
0.534589 11.6066573793342 3.85465262066579 6.33537437933421
0.539425 11.6274266217338 3.66285337826622 6.37066662173378
0.544260 11.1870419914814 3.54584800851859 6.14200599148141
0.549092 10.9061787135512 3.45448128644877 5.96478971355123
0.553923 10.922855891733 4.20934410826701 5.72981789173299
0.558753 10.1385036998837 2.66863630011627 5.66618469988374
0.563582 10.4297494077248 4.34957059227518 5.32889040772482
0.568411 9.68102005891473 2.77240994108527 5.34771405891473
0.573240 9.2488821433977 2.6298878566023 5.1197151433977
0.578069 9.37932799547423 3.59070200452577 4.83343599547423
0.582898 8.6616562279376 2.8582037720624 4.6220022279376
0.587729 8.45893919473457 2.54609080526543 4.55576319473457
0.592561 8.94542442330821 1.98387557669179 5.05496242330821
0.597394 8.14461401689605 2.47341598310395 4.33429401689605
0.602229 8.44347410027202 1.90590589972798 4.71534710027202
0.607067 8.29680542994813 1.82568457005187 4.65392542994813
0.611907 7.9918890173179 1.5483089826821 4.5472730173179
0.616750 8.1173679073733 2.0923920926267 4.4164739073733
0.621596 7.92646609671103 2.10069390328897 4.27955409671103
0.626446 7.43434179745877 1.46969620254123 4.20625679745877
0.631299 7.66656983291062 2.29480716708938 4.02046883291062
0.636157 7.50528748130913 2.21618251869088 3.95163148130912
0.641018 7.36539873022883 2.11300126977117 3.88537473022883
0.645885 7.05798403480795 1.98408096519205 3.74254003480795
0.650756 6.8405967446291 1.8641162553709 3.6225707446291
0.655632 6.59640637881566 1.75988362118434 3.50361037881566
0.660514 6.47926907556676 1.72301192443324 3.42400407556676
0.665401 6.17745157109909 1.60726442890091 3.26314357109909
0.670295 6.0295754095076 1.6046175904924 3.1568074095076
0.675194 5.77860820827279 1.60273679172721 2.99589420827279
0.680101 5.7202029390526 1.5094840609474 2.9598939390526
0.685013 5.53979076604021 1.38266523395979 2.88719276604021
0.689933 5.41738449580912 1.35984550419088 2.79611649580912
0.694860 5.15829754751804 1.28793245248196 2.66243154751804
0.699795 5.1181665383098 1.3649734616902 2.5955195383098
0.704737 4.84056596686449 1.25828003313551 2.47913096686449
0.709687 4.78506487127838 1.27701812872162 2.41508887127838
0.714646 4.59141089825778 1.23487110174222 2.32390689825778
0.719613 4.49483210465985 1.21309189534015 2.26553310465985
0.724589 4.28407952942745 1.11318747057255 2.16946352942745
0.729573 4.18744493351115 1.09929706648885 2.11016693351115
0.734567 3.9910855941345 1.0065854058655 2.0363275941345
0.739570 3.84060203642149 0.884899963578508 1.98030503642149
0.744583 3.71991845154125 0.879481548458755 1.91133045154125
0.749606 3.61320491160159 0.824512088398413 1.85090291160159
0.754639 3.46834393829517 0.744204061704826 1.79551193829517
0.759682 3.37715153853876 0.710285461461237 1.73644853853876
0.764735 3.21688605778763 0.68726994221237 1.65760505778763
0.769800 3.11988874072408 0.578906259275916 1.63018474072408
0.774875 2.99947408534416 0.547168914655839 1.57541608534416
0.779962 2.92966997963853 0.542027020361466 1.52762197963853
0.785060 2.87324107569752 0.826769924302484 1.38279507569752
0.790169 2.66809844532738 0.516334554672618 1.37440844532738
0.795291 2.72975839109293 0.691992608907073 1.34338439109293
0.800424 2.64528333040055 0.693537669599449 1.28799733040055
0.805570 2.50260257516944 0.675244424830556 1.20621157516944
0.810728 2.44860829078128 0.667444709218716 1.16886829078128
0.815899 2.24422664309177 0.713013356908232 1.03154264309177
0.821083 2.17228381724898 0.688139182751025 0.994312817248975
0.826280 2.13135698550914 0.549843014490858 1.02768298550914
0.831491 1.98408437685263 0.611320623147372 0.908158376852628
0.836715 1.9106891439276 0.569541856072404 0.883088143927595
0.841952 1.80821406319761 0.563699936802393 0.822065063197607
0.847204 1.758853463041 0.510347536958998 0.817063163041001
0.852469 1.67245612748456 0.483968872515444 0.774777427484556
0.857749 1.56907041853553 0.476110581464475 0.714610718535525
0.863044 1.50946106073931 0.448731939260687 0.690233560739313
0.868353 1.45845495652928 0.422954043470724 0.669156956529277
0.873677 1.37756690979915 0.391721090200852 0.641962409799148
0.879017 1.32364506332798 0.388930936672021 0.610904963327978
0.884371 1.29761358168096 0.294051418319042 0.636430981680958
0.889741 1.29048391521666 0.348819084783343 0.608426815216657
0.895127 1.1824685982472 0.249107401752802 0.588569798247198
0.900529 1.17793233037031 0.300229669629695 0.563464030370305
0.905947 0.999017891420162 0.337324108579838 0.447683491420162
0.911381 0.958931987759438 0.329067012240562 0.425849687759438
0.916832 0.981117022923705 0.232913977076296 0.480470822923704
0.922300 0.854806455763746 0.319511544236253 0.372661055763746
0.927784 0.797822032532168 0.296101967467832 0.352775232532168
0.933286 0.751404184116327 0.274087815883673 0.336631584116327
0.938804 0.70496218270573 0.25880931729427 0.31643498270573
0.944340 0.625765771007657 0.213925028992343 0.294679271007657
0.949894 0.621708242001071 0.202916157998929 0.296977942001071
0.955466 0.587469500620075 0.165061799379925 0.299442900620075
0.961056 0.552887584406034 0.133429015593966 0.293351684406034
0.966664 0.516250102552128 0.155523197447872 0.271354702552128
0.972290 0.48928867976317 0.160348920236829 0.25818617976317
0.977935 0.4358072752193 0.1242850247807 0.2424234752193
0.983599 0.377774193956318 0.128808306043682 0.211982893956318
0.989282 0.356125312488498 0.102353787511502 0.211734812488498
0.994984 0.323964740422834 0.136658559577166 0.195021840422834
1.000705 0.27714175264892 0.11419694735108 0.18093207264892
