0.062500 2.10880158369235 3.62644841630765 1.97378338369235
0.073864 4.86256522670953 3.18544177329047 3.77369422670953
0.084418 3.61795999353141 2.00507800646859 2.25979899353141
0.094356 2.70795362754803 0.931308372451966 1.55032562754803
0.103801 1.75476764220429 0.477981357795711 0.920923742204289
0.112839 0.864928319694208 0.263539680305792 0.361803019694208
0.121533 0.58009074960944 0.10509175039056 0.26442594960944
0.129933 0.326722575670989 0.105347124329011 0.137990675670988
0.138074 0.243671612734255 0.0250442872657451 0.134309012734255
0.145988 0.171005241805081 0.0356524581949193 0.0917309218050807
0.153699 0.116427236193829 0.0389438638061706 0.0582611861938295
0.161227 0.101233809478303 0.029801290521697 0.053928779478303
0.168589 0.0718364292212835 0.0334772707787165 0.0349780392212835
0.175800 0.0602389446527675 0.0296645953472325 0.0298467246527675
0.182872 0.0556131180872389 0.0194366319127612 0.0306627280872389
0.189818 0.0502354568580248 0.0161658231419752 0.0282049068580248
0.196645 0.0416863495108443 0.0150486704891557 0.0230317495108443
0.203363 0.0369729177431828 0.0147706922568172 0.0197775977431828
0.209980 0.0343422680298879 0.0134737519701121 0.0182922780298879
0.216501 0.0299601559156835 0.0123147440843166 0.0157169559156835
0.222934 0.0279760924554792 0.0106666475445208 0.0147818324554792
0.229283 0.0265753238535572 0.00930144614644281 0.0141170538535572
0.235554 0.0253217245204334 0.0065714954795666 0.0140259745204334
0.241751 0.0258075641271327 0.00550902587286733 0.0144901441271327
0.247878 0.0243173548990936 0.0055449851009064 0.0134026148990936
0.253940 0.0230855720996294 0.00516801790037059 0.0126239120996294
0.259938 0.0231777793596529 0.00498292064034713 0.0125958493596529
0.265878 0.0217938642580195 0.0042354257419805 0.0118659352580195
0.271762 0.0211711001807711 0.00413758981922887 0.0114270211807711
0.277593 0.0205956383710886 0.00402579162891144 0.0109398303710886
0.283373 0.0201657690194474 0.00375748098055259 0.0107190370194474
0.289105 0.0198874949214473 0.0041785850785527 0.0102838029214473
0.294791 0.0200310584161203 0.00509894158387973 0.00987411841612027
0.300433 0.0200767257635469 0.0050855142364531 0.00977377576354691
0.306034 0.0192739112228641 0.00374790877713593 0.00966249622286408
0.311595 0.0193136163826733 0.00368364361732668 0.00955585938267332
0.317118 0.0191475834742651 0.00394281652573487 0.00925111647426513
0.322604 0.0192084043201113 0.0037602556798887 0.0092564653201113
0.328056 0.0190108750774616 0.00392515492253844 0.00897404507746156
0.333475 0.0192230076075306 0.00397177239246943 0.00894531760753057
0.338862 0.0188616891058678 0.00375999089413221 0.0087482291058678
0.344218 0.0165105758240482 0.00616979417595177 0.00628612582404824
0.349546 0.0168444464833427 0.00651057351665729 0.00618516648334271
0.354846 0.0198441285127348 0.00319613148726518 0.00921660851273482
0.360119 0.0187616389024296 0.0048535310975704 0.0078219089024296
0.365367 0.0178752833937912 0.00508595660620877 0.00708731339379123
0.370590 0.0184342138590418 0.00462192614095824 0.00751095385904176
0.375791 0.0184510125844898 0.00429343741551017 0.00761090258448983
0.380969 0.0175791572958497 0.00560421270415027 0.00648956729584973
0.386125 0.0176454042683492 0.00537914573165085 0.00663679426834915
0.391261 0.0179813545305569 0.00602671546944313 0.00647768453055687
0.396378 0.01794715069136 0.00560894930864001 0.00653575069135998
0.401477 0.0180608236382866 0.00534924636171343 0.00670184363828657
0.406557 0.018097766000371 0.00536256399962905 0.00668058600037095
0.411620 0.0195498403375292 0.00417612966247075 0.00797937033752925
0.416668 0.0184220960611132 0.00522125393888677 0.00686671606111323
0.421700 0.0180074616955002 0.00410877830449976 0.00715603169550025
0.426717 0.0180479722018504 0.00393606779814961 0.00720102220185039
0.431720 0.018172351964261 0.00404241803573895 0.00718751196426105
0.436709 0.0181688390841687 0.00408269091583133 0.00715062908416867
0.441686 0.0198382068544213 0.00375100314557867 0.00812459685442133
0.446651 0.0196872464045956 0.00383608359540441 0.00792935640459559
0.451605 0.0198058526314689 0.00380935736853106 0.00795168263146894
0.456547 0.019737022737418 0.003761807262582 0.00787046273741801
0.461480 0.0195938506492423 0.00384118935075775 0.00773703064924225
0.466402 0.0196813694415195 0.00387235055848054 0.00771338944151946
0.471316 0.0196133393109021 0.00386115068909788 0.00763687931090212
0.476221 0.0195008324946078 0.00334076750539224 0.00780026249460776
0.481118 0.019538749652448 0.00348309034755203 0.00765642965244798
0.486007 0.019550951272348 0.00348458872765198 0.00764382127234802
0.490889 0.0195730055315468 0.00355536446845322 0.00765926553154679
0.495765 0.019470603290382 0.00328903670961801 0.00770158329038199
0.500634 0.0197913462747715 0.00296962372522849 0.00801612627477152
0.505498 0.0197482421878889 0.00322141781211108 0.00784141218788892
0.510357 0.0197571051824046 0.00313866481759536 0.00787609518240464
0.515211 0.0200131431336178 0.00312678686638223 0.00802394313361777
0.520061 0.0200193238758389 0.00308497612416107 0.00805637387583893
0.524907 0.0199229260701334 0.00304317392986655 0.00804117607013345
0.529749 0.0198129197690528 0.00339140023094719 0.00781240976905281
0.534589 0.0196861617631651 0.00255120823683495 0.00815463176316505
0.539425 0.0196694638455425 0.00271821615445745 0.00808372384554255
0.544260 0.0195085724302251 0.00259869756977493 0.00808711243022507
0.549092 0.0195071117055843 0.00257537829441567 0.00812568170558433
0.553923 0.0181558377449721 0.00468994225502792 0.00641784774497208
0.558753 0.0177065710085411 0.00486412899145893 0.00613171100854107
0.563582 0.0176140775986913 0.00469938240130868 0.00616629759869132
0.568411 0.0175136343782559 0.00479093562174409 0.00608585437825591
0.573240 0.0174319589219808 0.00484931107801923 0.00601747892198077
0.578069 0.0173197909125834 0.00482009908741661 0.0059696709125834
0.582898 0.0172383595401583 0.00484698045984169 0.00595407954015831
0.587729 0.0171151438652827 0.0048291961347173 0.0059191038652827
0.592561 0.017060135824344 0.00488538417565598 0.00590645582434402
0.597394 0.0169097563282115 0.0047547936717885 0.0059224463282115
0.602229 0.0167789738614998 0.00471048613850022 0.00591338386149978
0.607067 0.0165003134766013 0.00468039652339867 0.00580640347660133
0.611907 0.0165627987383068 0.00521427126169316 0.00559926873830684
0.616750 0.0164613836785112 0.00517807632148876 0.00557559367851124
0.621596 0.0161799926843099 0.00526075731569012 0.00541379268430988
0.626446 0.0160213839894765 0.00527667601052352 0.00537155398947648
0.631299 0.0154026317929406 0.00400347820705936 0.00570604379294064
0.636157 0.0152626631411121 0.00401780685888786 0.00565039814111214
0.641018 0.0152478081953065 0.00394013180469348 0.00568598619530652
0.645885 0.0152772147092303 0.00430334529076971 0.00552976670923029
0.650756 0.0151275991213265 0.00428700087867349 0.00546348412132652
0.655632 0.0149758781129495 0.00425994188705053 0.00540530411294947
0.660514 0.0146115343062735 0.00438333569372649 0.00517851730627351
0.665401 0.0144983172519298 0.00437471274807016 0.00513181125192983
0.670295 0.0142592234753262 0.0041672665246738 0.0051397144753262
0.675194 0.0141961505260462 0.00441975947395377 0.00498088352604623
0.680101 0.0139183447426086 0.00412375525739143 0.00499369274260857
0.685013 0.0138282282400205 0.00431399175997948 0.00484966824002052
0.689933 0.0136307148018445 0.00425267519815546 0.00477058880184454
0.694860 0.0134381290248478 0.00408128097515224 0.00475360702484776
0.699795 0.0132696716521848 0.00403391834781516 0.00469006765218484
0.704737 0.0130992984815353 0.00400594151846469 0.00462663648153531
0.709687 0.0128623701289683 0.00401037987103167 0.00451001512896833
0.714646 0.012778741777965 0.00397694822203504 0.00447403977796496
0.719613 0.0125977936022626 0.00392648639773743 0.00440363960226257
0.724589 0.0124540259675734 0.00385120403242658 0.00436676696757342
0.729573 0.0123013687757405 0.00403639122425953 0.00419582777574047
0.734567 0.0122006623287117 0.00400634767128833 0.00414421532871167
0.739570 0.0120016112957952 0.00394266870420477 0.00406644929579523
0.744583 0.0118536044449427 0.00388977555505728 0.00400925944494272
0.749606 0.0116664095390491 0.00382016046095089 0.00393824953904911
0.754639 0.0128602421361158 0.00245537786388425 0.00521602713611575
0.759682 0.0126939429003451 0.0024533970996549 0.0051307409003451
0.764735 0.0126100536426603 0.0025172863573397 0.0050438796426603
0.769800 0.0122630002998586 0.00238032970014137 0.00492736129985863
0.774875 0.012094047784399 0.00234231221560102 0.00485538078439898
0.779962 0.0119164322241238 0.00228288777587625 0.00477539822412376
0.785060 0.0117114094272073 0.00230285057279269 0.00466519142720731
0.790169 0.0115347696296386 0.00232604037036144 0.00455248362963856
0.795291 0.0113401052777499 0.00230224472225015 0.00446541827774985
0.800424 0.0111197442891592 0.00226835571084082 0.00435854428915918
0.805570 0.0109758958719229 0.00223437412807707 0.00430352187192293
0.810728 0.0107898367385036 0.00220731326149639 0.00422662273850361
0.815899 0.0105949033450318 0.00213189665496816 0.00416150834503184
0.821083 0.0103721755007876 0.00216764449921238 0.00402088350078762
0.826280 0.010199559560665 0.00213840043933503 0.00394757456066497
0.831491 0.010068270239528 0.00187944976047202 0.00400976023952798
0.836715 0.00990693157979956 0.00188013842020044 0.00392687457979956
0.841952 0.00959081526014398 0.00192230473985602 0.00374198526014398
0.847204 0.0094134806225719 0.0018781993774281 0.0036690926225719
0.852469 0.00926369045959951 0.00190914954040049 0.00357761345959951
0.857749 0.00910985014262542 0.00187819985737458 0.00351378914262542
0.863044 0.0089462665001117 0.0018402834998883 0.0034503105001117
0.868353 0.00879160972377197 0.00178630027622803 0.00340102172377197
0.873677 0.00855368966866338 0.00163372033133662 0.00336618966866338
0.879017 0.00846941977686125 0.00152760822313875 0.00337817877686125
0.884371 0.00826384433362359 0.00147592566637641 0.00329246733362359
0.889741 0.00808561826640608 0.00144667173359391 0.00321229026640608
0.895127 0.00784441577961978 0.00137105822038022 0.00313322377961978
0.900529 0.00761762460028176 0.00136114639971824 0.00302478460028176
0.905947 0.00734256666597372 0.00132549533402628 0.00291293566597372
0.911381 0.00724467162154989 0.00121275637845011 0.00292859262154989
0.916832 0.00700278879150687 0.00133872020849313 0.00274595379150687
0.922300 0.00674738682867124 0.00114371717132876 0.00272339382867124
0.927784 0.00653179592422793 0.00143839507577207 0.00247006792422793
0.933286 0.00629967880329596 0.00135946819670403 0.00238961880329596
0.938804 0.0060646398713594 0.0012919841286406 0.0023147178713594
0.944340 0.00579910766260271 0.00122329333739729 0.00221147466260271
0.949894 0.00566943093488307 0.00112136706511693 0.00219834693488307
0.955466 0.00533777951411192 0.00110397348588808 0.00205813751411192
0.961056 0.00513562928084364 0.00104934171915636 0.00197977328084364
0.966664 0.00477916676727533 0.00105064123272467 0.00180355976727533
0.972290 0.00453919205255591 0.000992772947444091 0.00171815805255591
0.977935 0.00426167717124981 0.000944690828750187 0.00161493917124981
0.983599 0.00396115614768394 0.000852688852316063 0.00151134414768394
0.989282 0.00372591863397088 0.000825281366029117 0.00141204063397088
0.994984 0.00332715428399292 0.000776914716007084 0.00125923628399292
1.000705 0.00339088102076573 0.000764506979234267 0.00128893402076573
