0.073864 42.3602475212693 71.7918524787307 39.8399845212693
0.084418 35.4102565110867 28.9385134889133 29.6074265110867
0.094356 22.021258729975 11.025141270025 16.531700729975
0.103801 17.4260940725078 12.8672359274922 10.9345800725078
0.112839 19.2866863281563 8.12142367184368 10.3476883281563
0.121533 15.962585944581 7.16380405541901 6.62670694458099
0.129933 14.7896137597804 4.3495962402196 6.3286577597804
0.138074 11.345394110186 3.03588588981395 4.70011611018605
0.145988 8.70090637438839 2.15083362561161 3.55337637438839
0.153699 6.70846440345025 1.44698459654975 2.85746740345025
0.161227 5.35321167616493 0.664743323835071 2.52072267616493
0.168589 3.9168069246244 0.871525075375604 1.6813029246244
0.175800 2.98120421298029 0.597151787019707 1.33108121298029
0.182872 2.4058244744584 0.616617525541603 1.0319664744584
0.189818 1.99270319293791 0.497288807062085 0.875317192937915
0.196645 1.75532060296005 0.36629539703995 0.82405710296005
0.203363 1.47097102898965 0.265474971010354 0.705249728989646
0.209980 1.36422224996842 0.308041750031577 0.625574849968423
0.216501 1.12293905370878 0.219856946291221 0.526053053708778
0.222934 1.06352751697884 0.250733483021161 0.477849516978839
0.229283 0.949539043385191 0.169845956614809 0.447829143385191
0.235554 0.77765662018053 0.24446137981947 0.31691232018053
0.241751 0.774312739293775 0.281157260706225 0.296777339293774
0.247878 0.704689664087837 0.224948935912163 0.280630564087837
0.253940 0.671516464504014 0.224388735495986 0.258962564504014
0.259938 0.642915083965276 0.213007216034724 0.245817783965276
0.265878 0.573174791617895 0.192697008382105 0.214463791617895
0.271762 0.567715649410876 0.186187550589124 0.210679349410877
0.277593 0.538222444804028 0.177109055195972 0.198083744804028
0.283373 0.514693004009191 0.154496195990808 0.194849704009191
0.289105 0.501964541962735 0.151660258037265 0.188678041962735
0.294791 0.481354806014717 0.143533193985283 0.181983706014717
0.300433 0.487974912170588 0.172351887829412 0.171624812170588
0.306034 0.473591306404119 0.134607293595881 0.180116506404119
0.311595 0.465041480286585 0.138464419713415 0.173458480286585
0.317118 0.447197794580054 0.158519505419946 0.153287194580054
0.322604 0.452199964019678 0.145565735980322 0.160366564019678
0.328056 0.440234398896285 0.142891901103715 0.155877198896285
0.333475 0.434862601412657 0.146283498587343 0.151401801412657
0.338862 0.423644449661883 0.126636750338117 0.152759049661883
0.344218 0.411542364029856 0.107924035970144 0.156349464029856
0.349546 0.411695298194018 0.104676201805982 0.156663698194018
0.354846 0.398642486406049 0.10264421359395 0.149821886406049
0.360119 0.399969273679614 0.100945226320386 0.150115273679614
0.365367 0.390482496984754 0.114684803015246 0.138074596984754
0.370590 0.385385070051466 0.109009829948534 0.137195970051466
0.375791 0.377546729235615 0.110073470764385 0.132499029235615
0.380969 0.37477971318732 0.10920968681268 0.13151611318732
0.386125 0.366838792796084 0.113727507203916 0.124484692796084
0.391261 0.362744238483789 0.101141461516211 0.128075838483789
0.396378 0.35611520426833 0.0975906957316695 0.12586150426833
0.401477 0.352875556510585 0.0968017434894146 0.123927556510585
0.406557 0.34940054829761 0.0987420517023897 0.12115814829761
0.411620 0.346820157530473 0.0984513424695269 0.119338757530473
0.416668 0.343103291015735 0.101110508984265 0.116433491015735
0.421700 0.337948616918533 0.0909993830814669 0.118725716918533
0.426717 0.336304007254101 0.093591992745899 0.116632907254101
0.431720 0.338350984397114 0.0975065156028863 0.115659784397114
0.436709 0.331964865843464 0.0931474341565356 0.114306465843464
0.441686 0.330417522774681 0.0928913772253194 0.113085222774681
0.446651 0.359194292193096 0.0592276078069038 0.144809892193096
0.451605 0.326200333884167 0.0906813661158326 0.111846033884167
0.456547 0.323939360497715 0.0888466395022852 0.111167360497715
0.461480 0.322974564172414 0.0900570358275862 0.110389664172414
0.466402 0.320194293402862 0.0885687065971378 0.109370393402862
0.471316 0.318354644166111 0.0877346558338895 0.108628944166111
0.476221 0.318156300961217 0.0851794990387829 0.109363500961217
0.481118 0.30975177162455 0.0922826283754501 0.10114487162455
0.486007 0.316361849112309 0.0830271508876912 0.109689649112309
0.490889 0.346169280039923 0.0524746199600765 0.139633680039923
0.495765 0.342189861530762 0.0519393384692375 0.137602361530762
0.500634 0.340324756451962 0.0508501435480377 0.137354456451962
0.505498 0.332499937921233 0.0424672620787669 0.136853337921233
0.510357 0.331712173599151 0.0434164264008489 0.135844673599151
0.515211 0.32939811864245 0.0421296813575505 0.135712118642449
0.520061 0.328746006311137 0.0409567936888631 0.136333006311137
0.524907 0.328386665927278 0.0462655340727219 0.133415265927278
0.529749 0.330047128721323 0.0437660712786771 0.135084028721323
0.534589 0.325577685841378 0.0393627141586219 0.135376285841378
0.539425 0.300643135256279 0.0644905647437212 0.109928435256279
0.544260 0.325466160469581 0.0362243395304191 0.136807460469581
0.549092 0.324988232520339 0.0377180674796611 0.135607432520339
0.553923 0.322898250587349 0.0375969494126514 0.135303650587349
0.558753 0.319923755095912 0.0333238449040882 0.135974955095912
0.563582 0.293525943290226 0.0563051567097742 0.111529143290226
0.568411 0.292177557077498 0.0562388429225021 0.110995857077498
0.573240 0.290298418112884 0.0548399818871158 0.110764218112884
0.578069 0.288974331388122 0.0556707686118778 0.109756631388122
0.582898 0.293299887064754 0.0698684129352458 0.104227787064754
0.587729 0.295420644887777 0.065062655112223 0.107662244887777
0.592561 0.289715999325887 0.0580731006741126 0.108318999325887
0.597394 0.288026101286596 0.0574558987134037 0.107814101286596
0.602229 0.286107907539182 0.0563592924608181 0.106997907539182
0.607067 0.284331582425471 0.0556204175745286 0.106453282425471
0.611907 0.282706689636109 0.0558199103638906 0.105683689636109
0.616750 0.280937192908202 0.0536425070917977 0.105888692908202
0.621596 0.282070175214159 0.0500771247858414 0.108167475214159
0.626446 0.279306822101603 0.0475406778983971 0.107803322101603
0.631299 0.269035998048812 0.0550768019511884 0.0986097980488116
0.636157 0.269351578860592 0.051373621139408 0.100504978860592
0.641018 0.26828371853781 0.05244398146219 0.09945301853781
0.645885 0.262595797439218 0.0550848025607822 0.0952975974392178
0.650756 0.263438139789791 0.0511897602102086 0.0977084397897914
0.655632 0.260312367585595 0.0506372324144052 0.0963838675855948
0.660514 0.258159619263179 0.0498219807368214 0.0959125192631785
0.665401 0.25516455780929 0.0488742421907097 0.0950807578092903
0.670295 0.253360284539702 0.0497413154602982 0.0937177845397018
0.675194 0.238063566183484 0.062417133816516 0.079802966183484
0.680101 0.235737788310296 0.0616649116897036 0.0790666883102965
0.685013 0.232073775909223 0.0588427240907774 0.0787771759092226
0.689933 0.244975962271427 0.0429553377285733 0.0929454622714267
0.694860 0.226920134128853 0.0573156658711471 0.0765199341288529
0.699795 0.224477001985569 0.0562827980144314 0.0758318019855686
0.704737 0.221631460287226 0.0559211397127744 0.0748416602872257
0.709687 0.233406490365623 0.0402542096343773 0.0887708903656227
0.714646 0.230636413052908 0.0395206869470924 0.0876837130529076
0.719613 0.228304218077125 0.0398575819228747 0.0865145180771253
0.724589 0.225306626314174 0.0393796736858258 0.0853470263141742
0.729573 0.221676055183424 0.0397441448165765 0.0836267551834235
0.734567 0.206387031977063 0.0506684680229372 0.0703918319770628
0.739570 0.203475283300874 0.049744316699126 0.069664983300874
0.744583 0.200831278183352 0.049242521816648 0.068749578183352
0.749606 0.198160495578511 0.048865204421489 0.0675659955785111
0.754639 0.202270890605786 0.0407795093942137 0.0738810906057863
0.759682 0.19917381595478 0.0402381840452201 0.07265861595478
0.764735 0.186616979734462 0.0493322202655379 0.0620123797344622
0.769800 0.183536466907862 0.0492773330921383 0.0604590669078617
0.774875 0.196106537334852 0.0329158626651482 0.0751691373348518
0.779962 0.178029917408994 0.0473203825910064 0.0592515174089936
0.785060 0.174509145220299 0.0451125547797012 0.0587906452202988
0.790169 0.179680146916329 0.0360465530836708 0.0660385469163292
0.795291 0.176749141978948 0.0352724580210523 0.0649930419789477
0.800424 0.173577945412138 0.0346278545878619 0.064008645412138
0.805570 0.171247169071941 0.0332373309280594 0.0635563690719406
0.810728 0.168026216441863 0.0329411835581366 0.0622290164418634
0.815899 0.166905458850755 0.034295741149245 0.061069258850755
0.821083 0.162293338928842 0.0317849610711584 0.0604115389288416
0.826280 0.159928295440168 0.0308514045598315 0.0595826954401684
0.831491 0.15669293454023 0.0298497654597703 0.0585149345402297
0.836715 0.153021636729333 0.0296307632706673 0.0570664267293327
0.841952 0.15022293164368 0.0280594683563203 0.0565484016436798
0.847204 0.147150859974461 0.0277772400255386 0.0552738199744614
0.852469 0.144315280661218 0.0273151193387819 0.0542713706612182
0.857749 0.140785151855628 0.0275775481443718 0.0526076218556282
0.863044 0.148200077459904 0.0183050225400959 0.0609463074599041
0.868353 0.134724677693094 0.0289385223069056 0.0491245076930944
0.873677 0.141478086655086 0.0177975133449144 0.0582262966550856
0.879017 0.129444978634623 0.0290621213653775 0.0465965586346225
0.884371 0.125321133191337 0.0269244668086627 0.0458666331913373
0.889741 0.131129552900649 0.0175679470993512 0.0534066529006488
0.895127 0.126521630217896 0.0168375697821045 0.0515190102178955
0.900529 0.12273887824145 0.0173134217585501 0.0495924082414499
0.905947 0.119447673909863 0.0161957260901367 0.0487423839098633
0.911381 0.116199822587535 0.0156922774124652 0.0475178325875348
0.916832 0.110784095148156 0.0159564048518444 0.0447839251481556
0.922300 0.107135599020721 0.0154459009792793 0.0432093290207207
0.927784 0.103403417084091 0.0147329829159091 0.0417902270840909
0.933286 0.0993892911348255 0.0145797088651745 0.0399685111348255
0.938804 0.0959498311358338 0.0137597688641662 0.0387707411358338
0.944340 0.0911819839666246 0.0134858160333754 0.0367691439666246
0.949894 0.0880782392991132 0.0128450607008868 0.0355954192991132
0.955466 0.0826134163300174 0.0125706036699826 0.0332585263300174
0.961056 0.079153971469116 0.011462768530884 0.032061881469116
0.966664 0.0742731513041051 0.0104707986958949 0.0302353213041051
0.972290 0.0702810957928471 0.010055424207153 0.0287596457928471
0.977935 0.0652840930606343 0.00913033693936573 0.0269422830606343
0.983599 0.0615832037361166 0.00805932626388343 0.0258106237361166
0.989282 0.0567370975233573 0.00870976247664269 0.0231004875233573
0.994984 0.0504589402095077 0.00857312979049233 0.0204061902095077
1.000705 0.0522134198502828 0.00781387014971716 0.0216024398502828
