0.121533 257.367565510075 128.838934489925 204.530595510075
0.129933 225.84233393374 85.0455660662599 167.37055393374
0.138074 204.576264799848 73.7320352001517 139.538364799848
0.145988 189.210111227345 77.9544887726551 114.271431227345
0.153699 221.855904207121 35.9663957928786 139.127884207121
0.161227 182.598867406838 81.6724325931623 88.7083874068377
0.168589 163.040851252815 97.2897487471845 61.6518512528155
0.175800 197.23789837767 47.3789016223296 94.7702983776704
0.182872 174.682231404879 67.5362685951208 68.0022314048792
0.189818 169.550058075766 53.7743419242338 68.2853580757662
0.196645 163.07232499592 44.3534750040804 65.3439349959196
0.203363 161.267210442345 42.1006895576547 62.9874804423453
0.209980 158.51397093757 35.5456290624302 62.6399409375698
0.216501 153.329615625727 28.8891843742735 62.0061256257265
0.222934 148.131319273449 32.3578807265507 57.4783992734493
0.229283 146.790207801986 38.7303921980135 52.2423378019865
0.235554 138.29391481787 37.3250851821298 48.0046048178702
0.241751 137.239765807987 33.8079341920129 49.3519958079871
0.247878 131.723724349671 31.1938756503287 47.5439443496713
0.253940 126.949415823389 30.4895841766114 45.3460258233886
0.259938 129.423114933106 26.9644850668936 48.1420649331064
0.265878 120.86936747792 24.1698325220796 45.2958074779204
0.271762 120.464668813813 28.6148311861871 42.6747788138128
0.277593 116.156290991393 27.2867090086072 41.0632709913928
0.283373 107.582511462773 17.6157885372266 42.0406514627734
0.289105 105.822044135582 20.7051558644176 39.3728741355824
0.294791 100.096946739793 18.4283532602073 37.7874967397927
0.300433 95.580411082396 20.584488917604 34.618931082396
0.306034 91.2802501564502 22.2537498435498 31.6127601564502
0.311595 89.1751199222254 21.9312800777746 30.7157699222254
0.317118 86.0395153743379 19.7453846256621 30.4775553743379
0.322604 82.8807355706716 19.4182644293284 29.2790255706716
0.328056 79.5787111858323 17.9668288141677 28.3877011858323
0.333475 76.0748779350972 17.3125620649028 27.0514179350972
0.338862 72.9904200440732 17.3162499559268 25.5091100440732
0.344218 69.3794626524589 16.1048273475411 24.4325926524589
0.349546 68.4198346824814 15.7187253175186 24.2607246824814
0.354846 62.6759302143298 11.0951997856702 24.0986702143298
0.360119 61.1318365434009 10.9249934565991 23.4089365434009
0.365367 56.8713811496451 10.5199788503549 21.5504211496451
0.370590 55.3136375296659 9.84479247033413 21.1581975296659
0.375791 53.2744956048551 11.3586243951449 19.3897256048551
0.380969 50.6839185718375 9.06669142816254 19.3356985718375
0.386125 46.2026168926367 9.88253310736327 16.7430968926367
0.391261 44.7072750427707 9.85767495722931 16.0339450427707
0.396378 43.1262811850915 8.35705881490845 16.0309811850915
0.401477 41.6998454530171 8.11032454698289 15.5373254530171
0.406557 41.2353215626917 7.71902843730829 15.5473015626917
0.411620 37.9975695287576 10.3781904712424 12.4865595287576
0.416668 36.7081662083383 9.3904037916617 12.3530762083383
0.421700 35.4605979245808 9.19639207541916 11.8680979245808
0.426717 34.6426002563657 7.65555974363431 12.2104802563657
0.431720 33.3350910751839 7.41456892481608 11.6877610751839
0.436709 31.7850491000355 7.07239089996448 11.1521991000355
0.441686 29.7206253850543 7.10899461494569 10.1751453850543
0.446651 29.2132002848302 6.03729971516981 10.4990102848302
0.451605 26.8563782282362 6.90741177176382 8.90753822823618
0.456547 25.2746372076525 6.2883227923475 8.46425720765249
0.461480 24.4476175278725 5.9601624721275 8.1844875278725
0.466402 23.2462091214855 5.51236087851452 7.87564912148547
0.471316 22.5171951968238 5.39368480317623 7.57977519682377
0.476221 21.3250956106883 4.95359438931165 7.20653561068835
0.481118 20.5944585362725 4.84152146372748 6.90618853627252
0.486007 19.1700811093158 4.90346889068425 6.24884110931575
0.490889 19.5716764844896 3.91982351551039 6.99141648448961
0.495765 18.4745533222739 3.81244667772613 6.56251332227387
0.500634 18.0253593402581 3.53045065974195 6.49940934025805
0.505498 16.8702638640452 3.56317613595481 5.98424386404519
0.510357 16.6206709354096 3.33075906459041 5.99442093540959
0.515211 15.8015500468944 3.77597995310556 5.44609004689444
0.520061 15.402655030434 3.33860496956597 5.48993703043403
0.524907 14.3224007076791 2.65845929232085 5.35666670767915
0.529749 13.6547675603465 3.00650243965349 4.84649056034652
0.534589 12.9426890233453 2.83428097665469 4.56036702334531
0.539425 12.6412407742189 2.82956922578105 4.43742077421895
0.544260 12.2166157275862 3.16334427241383 4.04939872758617
0.549092 11.9249680997052 3.05223190029478 3.97552109970522
0.553923 11.3116437288514 2.91292627114855 3.76225572885145
0.558753 11.0301012456016 2.83527875439839 3.68221224560161
0.563582 10.5654451722135 2.71389482778649 3.52986717221351
0.568411 10.2679475292922 2.65746247070783 3.42875252929217
0.573240 9.8841655571872 2.7571744428128 3.1923195571872
0.578069 9.61325385430771 2.64768614569229 3.11657585430771
0.582898 9.20120216947713 2.29603783052287 3.11097016947713
0.587729 8.91362117919792 2.24046882080208 3.00306017919792
0.592561 8.84913984762689 2.18854015237311 3.01813984762689
0.597394 8.55740379253706 2.10764620746294 2.93289579253706
0.602229 8.19970584714711 2.12117415285289 2.74295884714711
0.607067 7.90244852783853 2.04244047216147 2.65266652783853
0.611907 7.67334971251124 1.99860028748876 2.55771871251124
0.616750 7.46108143470334 1.87705456529666 2.53793643470334
0.621596 7.3406954328866 1.8266735671134 2.5109314328866
0.626446 7.04024813455461 1.80222586544539 2.38897313455461
0.631299 6.90273484924564 2.04714915075436 2.20278984924564
0.636157 6.72639030714641 1.91889469285359 2.18722030714641
0.641018 6.60603804183204 1.71012195816796 2.23582904183204
0.645885 6.32561230886126 1.70711469113874 2.10099330886126
0.650756 6.14170578098218 1.74273621901782 1.98329978098218
0.655632 5.94557981860831 1.64351118139169 1.95728681860831
0.660514 5.83335986566855 1.60202713433145 1.92676686566855
0.665401 5.63733694987147 1.53112005012853 1.86778294987147
0.670295 5.55377916150006 1.47162083849994 1.86698116150006
0.675194 5.34438872618479 1.42022327381521 1.79481572618479
0.680101 5.26326744837186 1.41092655162814 1.76413144837186
0.685013 5.03149768549557 1.28260931450443 1.71982468549557
0.689933 4.98897410604064 1.31375989395936 1.67917210604064
0.694860 4.77358442426315 1.24092257573685 1.61807642426315
0.699795 4.71104227581463 1.22466972418537 1.59599227581463
0.704737 4.55011400416983 1.18644099583017 1.54771000416983
0.709687 4.50843780009295 1.15284919990705 1.54624280009295
0.714646 4.29410537137641 0.980841628623595 1.53736337137641
0.719613 4.19517391265718 1.00785008734282 1.46859491265718
0.724589 4.08172357784767 0.952001422152334 1.43845857784767
0.729573 3.93210171542243 1.03459128457757 1.32868971542243
0.734567 3.81685674649071 0.995947253509288 1.29541274649071
0.739570 3.77110843239517 1.05096656760483 1.24404643239517
0.744583 3.58069345512252 1.02144354487748 1.16762245512252
0.749606 3.56238080745129 1.04334119254872 1.14608880745129
0.754639 3.47902144956809 1.00632555043191 1.12896844956809
0.759682 3.44695144916318 1.02435855083682 1.09886644916318
0.764735 3.34609892240899 0.995344077591006 1.06865392240899
0.769800 3.2556941571937 0.9395808428063 1.0552241571937
0.774875 3.11121603150833 0.936516968491675 0.988563031508325
0.779962 3.05796808618176 0.910327913818238 0.973664086181762
0.785060 2.97537223315118 0.870659766848818 0.958445233151183
0.790169 2.93979402863533 0.873686971364667 0.934128028635333
0.795291 2.84478444257946 0.853314557420536 0.905624442579464
0.800424 3.0176455870484 0.601965412951601 1.1125805870484
0.805570 2.92128941977879 0.584685580221208 1.07372641977879
0.810728 2.87061279251588 0.577303207484121 1.05743179251588
0.815899 2.54142409750044 0.742919902499563 0.817524097500437
0.821083 2.48798245315421 0.720202546845787 0.801469453154213
0.826280 2.40768554495065 0.695819455049353 0.778531544950648
0.831491 2.35024318047789 0.683368819522105 0.757001180477895
0.836715 2.25729248748806 0.647935512511935 0.733805487488065
0.841952 2.19963031612344 0.611357683876563 0.726024316123437
0.847204 2.27805859092969 0.449815409070307 0.846177590929693
0.852469 2.05636181027717 0.618240189722835 0.654700810277165
0.857749 1.99431350790873 0.600030492091271 0.635610507908729
0.863044 1.92912571690437 0.553316283095634 0.629437716904365
0.868353 1.99023946851431 0.443990531485687 0.715434468514313
0.873677 1.92749216396866 0.433887836031335 0.692302163968665
0.879017 1.9160483910833 0.406571608916698 0.703937391083302
0.884371 1.84666939343586 0.388529606564138 0.682168393435862
0.889741 1.78628522854391 0.348052771456085 0.676010228543915
0.895127 1.71126950856794 0.370909491432056 0.634383508567944
0.900529 1.63236223144448 0.331847768555517 0.617296231444483
0.905947 1.59315371787222 0.310983282127784 0.615198617872216
0.911381 1.51958643785452 0.324774562145479 0.570947537854521
0.916832 1.46542555668224 0.310529443317764 0.559126756682236
0.922300 1.40602270201793 0.289536297982068 0.546024802017932
0.927784 1.32337104498584 0.313521955014159 0.497308144985841
0.933286 1.25757157547324 0.309176424526763 0.468900075473238
0.938804 1.19355340016664 0.309309599833361 0.44554270016664
0.944340 1.10072124880155 0.302227751198449 0.411315748801551
0.949894 1.08743716177982 0.313283838220183 0.404487261779817
0.955466 0.987678130264564 0.319294869735436 0.356683630264564
0.961056 0.952807621260316 0.300528378739684 0.353846021260316
0.966664 0.839864058120612 0.345846941879388 0.283637558120612
0.972290 0.787489874058675 0.308374125941325 0.279737974058675
0.977935 0.719467080760439 0.282335919239561 0.262509480760439
0.983599 0.643756584519294 0.257672115480706 0.243627484519294
0.989282 0.660971178361047 0.186082921638953 0.297810478361047
0.994984 0.578195156523316 0.218883743476684 0.260371556523316
1.000705 0.605884749804324 0.193243950195676 0.276944349804324
