0.062500 0.000618 0.000444 0.000604
0.073864 0.004660 0.001712 0.004555
0.084418 0.008306 0.009268 0.007950
0.094356 0.016838 0.006316 0.016284
0.103801 0.018441 0.030117 0.017071
0.112839 0.031205 0.042003 0.028594
0.121533 0.055198 0.108056 0.048998
0.129933 0.094393 0.124703 0.085131
0.138074 0.088555 0.242481 0.073387
0.145988 0.109618 0.264381 0.091034
0.153699 0.141736 0.319134 0.116338
0.161227 0.380747 0.249902 0.343620
0.168589 0.290284 0.281631 0.254441
0.175800 0.357593 0.485887 0.301354
0.182872 0.407823 0.406839 0.350219
0.189818 0.490337 0.453038 0.419976
0.196645 0.545900 0.430103 0.470598
0.203363 0.682947 0.526496 0.587741
0.209980 0.837511 0.467236 0.732479
0.216501 0.954535 0.482868 0.835799
0.222934 1.071294 0.583103 0.931504
0.229283 1.247539 0.695093 1.080269
0.235554 0.927552 1.167617 0.747819
0.241751 1.033574 1.321925 0.829575
0.247878 1.495269 1.054280 1.276531
0.253940 1.218645 1.613353 0.984438
0.259938 1.525024 1.219929 1.300655
0.265878 1.671706 1.673900 1.397182
0.271762 1.597504 2.100568 1.299151
0.277593 1.656115 2.175385 1.347731
0.283373 2.315483 2.099930 1.967889
0.289105 2.539419 2.105972 2.177803
0.294791 2.714641 2.206878 2.338859
0.300433 3.016750 2.412523 2.604774
0.306034 3.664771 2.227323 3.229838
0.311595 4.159279 2.271315 3.691647
0.317118 4.886229 2.284162 4.373340
0.322604 5.316136 2.958481 4.731188
0.328056 3.871657 5.208722 3.233132
0.333475 4.391230 5.730100 3.689742
0.338862 7.852328 3.344222 7.086546
0.344218 7.632319 2.376361 6.939791
0.349546 9.349079 4.618921 8.383764
0.354846 10.296194 5.355766 9.175229
0.360119 10.453986 5.481304 9.274012
0.365367 10.508509 6.216291 9.239812
0.370590 10.455305 6.652675 9.130729
0.375791 10.577088 5.674472 9.259404
0.380969 10.919697 5.862263 9.504705
0.386125 11.454861 5.597289 9.996989
0.391261 9.560937 10.291733 7.793445
0.396378 9.825315 10.868425 7.925415
0.401477 10.046243 9.287937 8.182922
0.406557 11.001558 11.669842 8.712668
0.411620 11.251305 11.312895 8.873055
0.416668 11.815330 11.343050 9.295912
0.421700 12.097469 11.405421 9.419127
0.426717 11.421951 12.317079 8.591856
0.431720 11.728653 12.550877 8.738690
0.436709 11.443396 10.398274 8.671923
0.441686 11.717929 10.417671 8.824761
0.446651 11.827292 10.177238 8.830627
0.451605 12.074052 9.259528 9.085456
0.456547 11.834944 9.126906 8.816819
0.461480 11.594117 7.327973 8.775395
0.466402 11.666163 7.940067 8.594842
0.471316 11.627096 7.578084 8.499422
0.476221 11.549529 7.434741 8.356247
0.481118 11.776040 7.495480 8.401715
0.486007 11.529019 7.132761 8.185561
0.490889 11.738650 6.806710 8.343951
0.495765 12.191252 6.805298 8.608796
0.500634 11.144682 6.589118 7.712299
0.505498 10.749128 6.477122 7.291141
0.510357 10.870683 6.598427 7.289383
0.515211 10.726129 6.496601 7.034393
0.520061 10.845840 6.133760 7.095228
0.524907 10.585680 5.936340 6.823829
0.529749 10.505787 6.014933 6.667297
0.534589 10.696977 5.491443 6.892780
0.539425 10.507017 5.108293 6.758152
0.544260 10.508215 5.068185 6.669821
0.549092 10.432481 5.214759 6.512227
0.553923 8.794610 6.054420 4.996787
0.558753 8.655240 5.965620 4.865131
0.563582 8.461086 5.903884 4.681601
0.568411 8.373435 5.844995 4.534341
0.573240 8.298739 5.443171 4.539569
0.578069 8.166689 5.247461 4.460737
0.582898 8.146605 5.153915 4.407701
0.587729 8.421924 4.764646 4.669441
0.592561 8.213231 4.635989 4.511385
0.597394 8.134654 4.478636 4.453647
0.602229 7.624941 4.859909 3.958803
0.607067 7.538953 4.561927 3.964472
0.611907 7.545508 4.678982 3.886938
0.616750 7.260427 4.570513 3.681959
0.621596 7.130209 4.385441 3.609564
0.626446 6.675279 3.962141 3.406209
0.631299 6.592285 3.803545 3.360902
0.636157 6.681953 3.372867 3.531230
0.641018 6.578600 3.303646 3.450261
0.645885 6.471826 3.429772 3.315035
0.650756 6.424993 3.498780 3.230734
0.655632 6.211825 3.402925 3.094107
0.660514 6.126813 3.203258 3.086383
0.665401 5.621634 3.429934 2.663313
0.670295 5.565573 3.431794 2.608323
0.675194 5.398655 3.350716 2.501593
0.680101 5.268234 3.206714 2.448865
0.685013 5.782198 2.673750 2.956280
0.689933 5.697787 2.633471 2.895442
0.694860 5.613343 2.627091 2.831407
0.699795 5.614660 2.492757 2.866827
0.704737 5.377424 2.138162 2.811806
0.709687 5.311321 2.167649 2.740647
0.714646 5.120385 2.097894 2.624579
0.719613 4.967150 1.845875 2.604241
0.724589 4.936569 2.218707 2.441528
0.729573 4.823656 1.948916 2.448895
0.734567 4.587594 1.257568 2.522511
0.739570 4.481671 1.196889 2.464918
0.744583 4.371266 1.136619 2.411852
0.749606 4.284685 1.151202 2.341502
0.754639 4.218064 1.165047 2.289586
0.759682 4.151131 1.093450 2.253384
0.764735 3.983443 1.830843 1.869979
0.769800 3.902602 1.750895 1.845448
0.774875 3.828187 1.653745 1.815866
0.779962 3.689251 1.452981 1.796714
0.785060 3.492993 1.647607 1.590983
0.790169 3.408550 1.631270 1.528711
0.795291 3.504187 1.359298 1.678558
0.800424 3.393241 1.258994 1.634725
0.805570 3.300224 1.225527 1.580883
0.810728 3.176394 1.255990 1.488193
0.815899 3.151253 1.191532 1.504401
0.821083 3.005441 1.100407 1.449442
0.826280 2.979515 1.151251 1.408646
0.831491 2.918229 1.115451 1.372398
0.836715 2.830034 1.098226 1.332792
0.841952 2.777056 1.115385 1.295142
0.847204 2.823483 1.066241 1.336816
0.852469 2.760194 1.054664 1.294517
0.857749 2.716570 0.982626 1.301576
0.863044 2.582844 0.800319 1.285085
0.868353 2.534727 0.782564 1.256874
0.873677 2.507819 0.683107 1.277941
0.879017 2.361983 0.778530 1.158059
0.884371 2.395398 0.688060 1.222118
0.889741 2.225469 0.836551 1.062227
0.895127 2.275107 0.784023 1.119050
0.900529 2.202907 0.788195 1.074730
0.905947 2.062270 0.668355 1.032680
0.911381 1.992448 0.684041 0.987858
0.916832 1.924578 0.623648 0.973108
0.922300 1.839239 0.570901 0.942344
0.927784 1.771411 0.550145 0.916096
0.933286 1.695831 0.590194 0.864036
0.938804 1.541191 0.471947 0.811086
0.944340 1.449139 0.455766 0.762184
0.949894 1.440987 0.544012 0.729856
0.955466 1.328510 0.430164 0.697975
0.961056 1.272489 0.419099 0.668269
0.966664 1.161792 0.411657 0.609372
0.972290 1.110176 0.434628 0.573798
0.977935 0.978016 0.473626 0.480881
0.983599 0.944670 0.376543 0.497459
0.989282 0.774189 0.454035 0.362324
0.994984 0.665783 0.396635 0.313800
1.000705 0.714751 0.420185 0.341278
