0.094356 217.553189446423 350.766210553577 201.270109446423
0.103801 83.5709703182248 163.212429681775 65.2752703182248
0.112839 74.3215676587443 74.9521323412557 49.1946376587443
0.121533 75.2074018913834 39.5837981086166 45.5870318913834
0.129933 78.8688885982297 37.1470114017703 41.9833385982297
0.138074 79.1646188329697 33.7442811670303 37.7568888329697
0.145988 75.4972213428654 37.6199786571346 30.3262013428654
0.153699 79.3566615401524 26.7595384598476 33.7972715401524
0.161227 80.371487914211 25.849112085789 32.120757914211
0.168589 84.4849588200867 20.3831411799133 34.7144988200867
0.175800 80.7713950177537 23.5730049822463 29.5806850177537
0.182872 78.4374008125244 25.0732991874756 27.5450908125244
0.189818 69.754849540713 21.317660459287 24.0620995407129
0.196645 70.7882266442489 11.8204733557511 28.5167766442489
0.203363 67.6774172337541 11.5585427662459 26.9337972337541
0.209980 65.8553299510459 13.3333200489541 25.3215899510459
0.216501 59.0194778613874 10.4764121386126 23.6027278613874
0.222934 58.4212119837463 7.95051801625372 24.7033619837463
0.229283 54.555843674487 8.677646325513 22.438093674487
0.235554 50.1999291315451 7.48276086845485 20.8734091315451
0.241751 48.0369541989513 7.71661580104874 19.6978341989513
0.247878 45.209288124502 8.30657187549799 18.127808124502
0.253940 42.536589862173 7.82618013782695 16.965279862173
0.259938 40.7972272676495 6.1718027323505 16.9558072676495
0.265878 37.579769951398 6.69119004860203 14.992859951398
0.271762 36.165413370076 6.38475662992403 14.389293370076
0.277593 34.3876283936684 6.15685160633159 13.6117683936684
0.283373 33.6086067060846 5.56471329391537 13.4041467060846
0.289105 32.5026922378206 5.45579776217938 12.9083422378206
0.294791 30.7939967629435 5.1078232370565 12.2312367629435
0.300433 30.6210567307613 4.93554326923869 12.2032167307613
0.306034 28.985394610727 4.71500538927301 11.540464610727
0.311595 28.1456509714967 4.78985902850327 11.1272709714967
0.317118 27.4513303647089 4.92739963529106 10.7050003647089
0.322604 26.8772228258037 4.82775717419628 10.4333828258037
0.328056 26.1031285801416 4.86838141985838 10.0284085801416
0.333475 24.7681843996769 3.91720560032313 9.86834439967687
0.338862 24.5049079319288 3.81567206807124 9.77657793192876
0.344218 23.6499785682122 3.84801143178783 9.36262856821217
0.349546 23.6776044458323 3.5674855541677 9.5147844458323
0.354846 23.1559446694179 3.01878533058208 9.52262466941792
0.360119 23.670899278919 3.91726072108102 9.23109927891898
0.365367 22.7429946177035 3.8384453822965 8.81119461770351
0.370590 22.6985754947284 3.76269450527155 8.80716549472845
0.375791 21.8598345082647 3.65786549173528 8.47281450826472
0.380969 21.8082037985709 3.6070462014291 8.4430937985709
0.386125 21.005185304603 3.43984469539697 8.15715530460302
0.391261 20.4963266519329 2.81389334806706 8.23497665193294
0.396378 20.3815471525237 2.14908284747632 8.47384715252368
0.401477 20.3706092539254 1.97118074607461 8.53709925392539
0.406557 19.8341898149829 1.90246018501708 8.33580981498292
0.411620 19.937130862393 1.92264913760701 8.37835086239299
0.416668 19.1302301091464 2.13342989085356 7.87586010914644
0.421700 18.9152155004548 2.03938449954519 7.78108550045481
0.426717 18.4187162562773 1.98460374372271 7.58373625627729
0.431720 18.3779223431187 1.97215765688131 7.58198234311869
0.436709 18.0118322521761 1.91070774782392 7.44212225217608
0.441686 17.7554244112563 1.8562755887437 7.3520744112563
0.446651 17.446610120665 2.09655987933498 7.09355012066502
0.451605 17.1331893463624 2.0987806536376 6.9293193463624
0.456547 16.5134315797688 1.71795842023119 6.83281357976881
0.461480 16.3260934447657 1.73817655523428 6.73890244476572
0.466402 15.9431052682602 1.61200473173975 6.62448426826025
0.471316 15.7185639321338 1.51107606786617 6.58057693213382
0.476221 15.3052001769128 1.15306982308722 6.57091117691277
0.481118 15.0502697153942 1.13454028460585 6.45384871539415
0.486007 14.6862553962524 1.14093460374758 6.27208739625242
0.490889 14.4767313688367 1.10727863116329 6.17424736883671
0.495765 14.1124221385082 1.09876786149176 6.00043213850824
0.500634 13.8964454296608 1.12436457033922 5.88747942966078
0.505498 13.4707559427739 1.09603405722607 5.70871894277393
0.510357 12.5636612690992 1.80883873090079 4.91280126909921
0.515211 12.40376561979 2.39340438021 4.52753161979
0.520061 11.9031445698926 1.61222543010744 4.69415156989256
0.524907 12.0431938075058 2.03202619249417 4.53236280750583
0.529749 11.9815534054803 2.14315659451969 4.44789340548031
0.534589 11.5638795107203 1.95393048927967 4.35364051072033
0.539425 11.3996312522241 1.94967874777589 4.27122525222411
0.544260 10.9863327068914 1.83095729310858 4.13898170689142
0.549092 10.9246180625847 1.72444193741529 4.16472006258471
0.553923 10.4911069178526 1.66497308214737 3.98443091785263
0.558753 10.3038491891083 1.63438081089168 3.90797218910832
0.563582 10.0300557857686 1.58908421423142 3.80171478576858
0.568411 9.82061137237042 1.53660862762958 3.73778337237042
0.573240 9.54365301082353 1.49183698917647 3.62106701082353
0.578069 9.3148725581952 1.4655674418048 3.5178245581952
0.582898 9.08565067954922 1.42172932045078 3.42993567954922
0.587729 8.86396545017577 1.37712454982423 3.34989345017577
0.592561 8.6380349061203 1.3731450938797 3.2434089061203
0.597394 8.60125142697636 1.18923757302364 3.33605942697636
0.602229 8.29747625911 0.991987740889996 3.29409325911
0.607067 8.0879618545696 0.978239145430402 3.1968288545696
0.611907 7.90866506313326 0.947027936866738 3.12128006313326
0.616750 7.70463159885538 0.934147401144615 3.03161859885538
0.621596 7.53344460645564 0.890382393544359 2.97237460645564
0.626446 7.16498557663659 1.04396542336341 2.71476357663659
0.631299 7.00753989227293 1.02752010772707 2.66092589227293
0.636157 6.80916100308613 0.977023996913872 2.59867500308613
0.641018 6.66300152812496 0.95457447187504 2.54082352812496
0.645885 6.51037025428395 0.972875745716046 2.46137725428395
0.650756 6.39076829952649 0.949440700473509 2.41535429952649
0.655632 6.28892339843238 0.852292601567624 2.42541539843238
0.660514 6.14321727079182 0.817752729208179 2.38261027079182
0.665401 5.94185097811751 0.721137021882488 2.33955297811751
0.670295 5.83609258899471 0.70520941100529 2.29571158899471
0.675194 5.67529717670091 0.696636823299094 2.23158317670091
0.680101 5.57006860676317 0.702841393236827 2.18545260676317
0.685013 5.42545872943119 0.709543270568814 2.10818172943119
0.689933 5.31997450583887 0.657351494161127 2.08859450583887
0.694860 5.17910882144427 0.658717178555725 2.02544282144427
0.699795 5.08179104229669 0.643344957703306 1.98879804229669
0.704737 4.89286029174821 0.692690708251787 1.87231029174821
0.709687 4.80063932281197 0.673849677188033 1.84340832281197
0.714646 4.72613000155754 0.607207998442461 1.84714100155754
0.719613 4.6403473609566 0.595009639043401 1.8146413609566
0.724589 4.54294357132339 0.592306428676606 1.77738157132339
0.729573 4.45823778724981 0.58817421275019 1.74567478724981
0.734567 4.35359252135453 0.601345478645467 1.69199852135453
0.739570 4.28155980200723 0.601930197992767 1.66090180200723
0.744583 4.18354457826616 0.588774421733837 1.62011657826616
0.749606 4.09920158584131 0.572322414158685 1.58729758584131
0.754639 3.98622077267561 0.561979227324386 1.54125677267561
0.759682 3.87976630718731 0.595780692812689 1.47369930718731
0.764735 3.77940158859669 0.563287411403308 1.44513358859669
0.769800 3.72879234100909 0.53757565899091 1.44017634100909
0.774875 3.66275546079711 0.585159539202888 1.38306846079711
0.779962 3.59912805853377 0.558341941466235 1.36283705853377
0.785060 3.5111243051289 0.538083694871105 1.3348693051289
0.790169 3.43304953801531 0.533684461984687 1.30282153801531
0.795291 3.346878748971 0.527455251029003 1.267136748971
0.800424 3.28232115937042 0.519628840629582 1.23957415937042
0.805570 3.20027013647551 0.518858863524495 1.21013613647551
0.810728 3.12792997221407 0.465240027785925 1.20819697221408
0.815899 3.04961054875136 0.463809451248644 1.17436654875136
0.821083 2.98366354778359 0.454482452216405 1.15382554778359
0.826280 2.91307474201973 0.432161257980265 1.13354974201973
0.831491 2.82042199783091 0.368123002169093 1.12518299783091
0.836715 2.73956069521477 0.353204304785232 1.09314769521477
0.841952 2.64213127882382 0.390367721176184 1.03086927882382
0.847204 2.57987663170736 0.312261368292642 1.04452563170736
0.852469 2.51917866278988 0.299086337210121 1.01986466278988
0.857749 2.45434095854161 0.294470041458389 0.990589958541611
0.863044 2.40289635049916 0.285000649500837 0.974084350499163
0.868353 2.35162663306632 0.289593366933682 0.947988633066319
0.873677 2.28234966656579 0.283342333434213 0.921061666565787
0.879017 2.23102934647052 0.276048653529478 0.899006346470522
0.884371 2.14023210582334 0.291392894176659 0.851584105823341
0.889741 2.08091580669789 0.290860193302112 0.822597806697888
0.895127 2.03348492853946 0.247090071460536 0.822535928539464
0.900529 1.9832671361431 0.245449863856898 0.802181136143102
0.905947 1.90588545541574 0.240136544584264 0.770734455415735
0.911381 1.84243789946084 0.231416100539158 0.746119899460842
0.916832 1.76564608579277 0.21965191420723 0.71928908579277
0.922300 1.70417468396123 0.22135831603877 0.69508368396123
0.927784 1.64684135412096 0.229201645879038 0.668242154120962
0.933286 1.5795973339338 0.2057956660662 0.6490772339338
0.938804 1.51950332852622 0.202978671473782 0.619228628526218
0.944340 1.43708500270489 0.194890997295114 0.586210702704885
0.949894 1.30571379654977 0.272544203450231 0.485620196549769
0.955466 1.30947198227709 0.168079017722912 0.545623682277088
0.961056 1.16396905046197 0.261030949538033 0.429766850461967
0.966664 1.07344185455899 0.264178145441011 0.385278954558989
0.972290 1.01170694269891 0.250461057301086 0.365542142698914
0.977935 0.946665844017076 0.245262155982924 0.340770444017076
0.983599 0.842624152606147 0.263464847393853 0.284109852606147
0.989282 0.809704517466158 0.210081482533842 0.296687717466158
0.994984 0.731427772462157 0.177979127537843 0.277277772462157
1.000705 0.7639991063264 0.1917185936736 0.2851079063264
