0.062500 0.00029030757344359 0.00028483442655641 0.00024754867344359
0.073864 7.38611605216584e-05 5.09701394783416e-05 5.98198505216584e-05
0.084418 1.07361717043205e-05 1.27384982956795e-05 8.79677170432053e-06
0.094356 4.47296282521317e-06 7.24876717478683e-06 4.00970302521317e-06
0.103801 2.09008639694263e-06 4.57948560305737e-06 1.88146479694263e-06
0.112839 1.28823965324097e-06 2.80568534675903e-06 1.18209695324097e-06
0.121533 8.80394576042104e-07 1.7427234239579e-06 8.21575766042104e-07
0.129933 5.10669508212715e-07 1.18492749178728e-06 4.75227138212715e-07
0.138074 3.83128197800883e-07 8.26185802199117e-07 3.59223937800883e-07
0.145988 3.13150055135571e-07 6.57797944864429e-07 2.93560555135571e-07
0.153699 2.84035366676554e-07 6.12460233323446e-07 2.65276206676554e-07
0.161227 2.60176162757436e-07 5.77664237242564e-07 2.41614022757436e-07
0.168589 2.20423839783251e-07 5.28921260216749e-07 2.02807449783251e-07
0.175800 2.39204013750562e-07 4.40647086249438e-07 2.22327103750562e-07
0.182872 2.20505183753581e-07 4.14633316246419e-07 2.03803773753581e-07
0.189818 2.14678187798236e-07 3.88904112201764e-07 1.97629677798236e-07
0.196645 2.01317079490791e-07 3.32876120509209e-07 1.85322229490791e-07
0.203363 2.02251376058945e-07 3.35496723941055e-07 1.85231046058945e-07
0.209980 2.04992668231744e-07 3.03669731768256e-07 1.87676298231744e-07
0.216501 1.88423563914002e-07 2.55453936085998e-07 1.72118883914002e-07
0.222934 2.10742360589323e-07 3.73106739410677e-07 1.88322830589323e-07
0.229283 2.10100317204701e-07 3.40172782795299e-07 1.87603117204701e-07
0.235554 1.94078467490249e-07 2.49639132509751e-07 1.74606427490249e-07
0.241751 2.0231497487753e-07 2.5094792512247e-07 1.8088184487753e-07
0.247878 2.14051849947225e-07 2.71418350052775e-07 1.89653989947225e-07
0.253940 1.63982088799789e-07 3.07061411200211e-07 1.38213058799789e-07
0.259938 1.71181905249854e-07 3.07044494750146e-07 1.43381445249854e-07
0.265878 1.85490181624999e-07 2.81680218375001e-07 1.56553771624999e-07
0.271762 2.87045286323014e-07 1.91244413676986e-07 2.55048986323014e-07
0.277593 2.92475932111325e-07 2.00439667888675e-07 2.57379332111325e-07
0.283373 3.08012217461274e-07 1.99338082538726e-07 2.69654667461274e-07
0.289105 3.25613835152203e-07 2.23305964847797e-07 2.81837675152203e-07
0.294791 3.31823927189067e-07 2.17556172810933e-07 2.85313767189067e-07
0.300433 3.49746747152486e-07 2.26202752847514e-07 2.98457987152486e-07
0.306034 3.70696569571611e-07 2.09598930428389e-07 3.15869009571611e-07
0.311595 3.77453530463671e-07 2.10784769536329e-07 3.18551720463671e-07
0.317118 3.97421531939111e-07 2.02103268060889e-07 3.34200291939111e-07
0.322604 4.13957132303429e-07 2.12525967696571e-07 3.43135382303429e-07
0.328056 4.25686129429421e-07 2.25732370570579e-07 3.48774979429421e-07
0.333475 4.43318891170131e-07 2.42497308829869e-07 3.59319461170131e-07
0.338862 4.60360116888822e-07 2.67972083111178e-07 3.68073146888822e-07
0.344218 4.64304094511857e-07 2.69987305488143e-07 3.67700524511857e-07
0.349546 4.36982648993291e-07 3.32071951006709e-07 3.31534748993291e-07
0.354846 4.50222552475247e-07 2.21121747524753e-07 3.54323102475247e-07
0.360119 4.64229104780049e-07 2.33474595219951e-07 3.61179904780049e-07
0.365367 4.83037040690775e-07 2.48064559309225e-07 3.71008140690775e-07
0.370590 4.97653617910451e-07 2.32938082089549e-07 3.80635417910451e-07
0.375791 5.18930651509387e-07 2.34500448490613e-07 3.93539951509387e-07
0.380969 5.45285048419885e-07 2.71367151580115e-07 4.02519248419885e-07
0.386125 5.37005951574121e-07 2.95228848425879e-07 3.84214551574121e-07
0.391261 5.698052248659e-07 3.157926751341e-07 4.023555248659e-07
0.396378 5.84782888920447e-07 3.12810011079553e-07 4.07927988920447e-07
0.401477 6.08522978074048e-07 2.76383821925952e-07 4.28280278074048e-07
0.406557 6.37410748949952e-07 2.78173851050048e-07 4.41053148949952e-07
0.411620 6.7309582378352e-07 2.8130617621648e-07 4.6288972378352e-07
0.416668 7.09469925042199e-07 2.75592674957801e-07 4.89132225042199e-07
0.421700 7.46165220847627e-07 3.08046779152373e-07 5.03983220847627e-07
0.426717 8.88251980961998e-07 2.28427019038002e-07 6.24188780961998e-07
0.431720 9.34252031260313e-07 2.38847968739687e-07 6.50782831260313e-07
0.436709 8.6908326207803e-07 2.9447973792197e-07 5.8286116207803e-07
0.441686 9.12174991179826e-07 2.78393008820174e-07 6.11446691179826e-07
0.446651 9.12502892633744e-07 3.34014107366256e-07 5.91350492633744e-07
0.451605 9.3480089476921e-07 3.4395110523079e-07 5.9766109476921e-07
0.456547 9.57125584935326e-07 3.71875415064674e-07 6.02302384935326e-07
0.461480 9.86677587690231e-07 3.8684541230977e-07 6.14169487690231e-07
0.466402 1.00824664286848e-06 4.16726357131518e-07 6.18289542868483e-07
0.471316 1.04839787859233e-06 4.16131121407666e-07 6.42336678592334e-07
0.476221 1.07389559046807e-06 4.30984409531931e-07 6.52989690468069e-07
0.481118 1.08606582759852e-06 2.49547172401476e-07 7.08944627598524e-07
0.486007 1.11603993469311e-06 2.62904065306894e-07 7.20520134693106e-07
0.490889 1.0362087777296e-06 4.78268222270401e-07 5.97845577729599e-07
0.495765 1.04574920844922e-06 4.34403791550785e-07 6.12042108449215e-07
0.500634 1.11493843390062e-06 6.75227566099379e-07 5.84013233900621e-07
0.505498 1.06237676708814e-06 4.45065232911865e-07 6.08709867088135e-07
0.510357 1.19675034138358e-06 7.08142658616419e-07 6.21625441383581e-07
0.515211 1.14921414815324e-06 4.52208851846761e-07 6.62280048153239e-07
0.520061 1.17402179226793e-06 4.82503207732067e-07 6.66935192267933e-07
0.524907 1.33480467906386e-06 6.39799320936137e-07 7.27911879063863e-07
0.529749 1.36451579377415e-06 6.52796206225851e-07 7.42039793774149e-07
0.534589 1.39425270481897e-06 6.88860295181034e-07 7.47968904818966e-07
0.539425 1.40953539865853e-06 7.09105601341468e-07 7.49231398658532e-07
0.544260 1.32303754230961e-06 8.47581457690389e-07 6.52963642309611e-07
0.549092 1.30203634361007e-06 7.54336656389926e-07 6.65977443610073e-07
0.553923 1.32767995295347e-06 7.63432047046529e-07 6.76963652953471e-07
0.558753 1.29847993658106e-06 5.96802063418938e-07 7.03532236581062e-07
0.563582 1.31891705910972e-06 6.2143094089028e-07 7.1322225910972e-07
0.568411 1.33577714854177e-06 6.64263851458228e-07 7.09473848541772e-07
0.573240 1.35537952752392e-06 6.69143472476076e-07 7.20031727523924e-07
0.578069 1.79778200195552e-06 2.43886998044483e-07 1.15486390195552e-06
0.582898 1.84288314165573e-06 3.1127985834427e-07 1.16381494165573e-06
0.587729 1.86134219268227e-06 2.92204807317729e-07 1.18033049268227e-06
0.592561 1.88707153222043e-06 3.19782467779574e-07 1.18634823222043e-06
0.597394 1.42263092345573e-06 8.03315076544272e-07 7.22893723455728e-07
0.602229 1.40920408272181e-06 7.56635917278185e-07 7.30797282721815e-07
0.607067 1.44007688873348e-06 8.17333111266517e-07 7.34455888733483e-07
0.611907 1.94686362050435e-06 1.83001379495654e-07 1.28094962050435e-06
0.616750 1.44235372019822e-06 6.82992279801782e-07 7.80770020198218e-07
0.621596 1.45255593360304e-06 6.80143066396962e-07 7.89306833603038e-07
0.626446 1.77347741742367e-06 3.67541582576328e-07 1.10773891742367e-06
0.631299 1.77732552546511e-06 3.74289474534888e-07 1.11256722546511e-06
0.636157 2.03506683394725e-06 2.15404166052747e-07 1.34084233394725e-06
0.641018 2.03771352206946e-06 2.10958477930536e-07 1.34248102206946e-06
0.645885 2.04907379742674e-06 2.31196202573257e-07 1.35032139742674e-06
0.650756 2.05323378178098e-06 2.39641218219016e-07 1.35562948178098e-06
0.655632 2.06792922196681e-06 2.45298778033195e-07 1.36785232196681e-06
0.660514 2.07677660860504e-06 2.51990391394959e-07 1.37496050860504e-06
0.665401 1.40186342099308e-06 8.32734579006919e-07 7.28872920993081e-07
0.670295 1.43885000527856e-06 8.89900994721435e-07 7.37859305278565e-07
0.675194 1.5504341046255e-06 7.74531895374501e-07 8.51467904625499e-07
0.680101 1.544109640371e-06 7.77930359629e-07 8.45618240371e-07
0.685013 1.54341137186895e-06 7.64552628131054e-07 8.49371871868946e-07
0.689933 1.53103811207121e-06 7.64291887928786e-07 8.41118912071214e-07
0.694860 1.53135680883205e-06 7.66890191167946e-07 8.43822308832054e-07
0.699795 1.52127269600896e-06 7.76710303991043e-07 8.39222496008957e-07
0.704737 1.51196193790815e-06 7.71424062091853e-07 8.34314237908147e-07
0.709687 1.50916711430653e-06 7.53801885693468e-07 8.39525514306532e-07
0.714646 1.57278360842172e-06 9.08647391578282e-07 8.37607808421717e-07
0.719613 1.56096386739808e-06 9.25863132601917e-07 8.24527767398084e-07
0.724589 1.55493444845308e-06 9.25717551546918e-07 8.19859548453082e-07
0.729573 1.53987636506435e-06 9.24856634935651e-07 8.13205665064349e-07
0.734567 1.52225886954167e-06 8.83117130458334e-07 8.13773069541666e-07
0.739570 1.5020504232416e-06 8.76354576758403e-07 8.02168723241597e-07
0.744583 1.49351248055087e-06 8.74000519449131e-07 7.96476780550869e-07
0.749606 1.4762134683994e-06 8.667205316006e-07 7.877248683994e-07
0.754639 1.46517605888153e-06 8.56338941118473e-07 7.80807758881527e-07
0.759682 1.44559630591684e-06 8.47861694083165e-07 7.69771605916835e-07
0.764735 1.43370897138324e-06 8.44265028616757e-07 7.61981871383243e-07
0.769800 1.40707432306288e-06 8.33813676937122e-07 7.47185723062878e-07
0.774875 1.40060648159343e-06 8.1874451840657e-07 7.4548348159343e-07
0.779962 1.37462742368555e-06 8.12313576314447e-07 7.27415723685552e-07
0.785060 1.36157693387368e-06 8.02649066126323e-07 7.20400133873676e-07
0.790169 1.34119203906446e-06 7.8960596093554e-07 7.1014823906446e-07
0.795291 1.33176494313893e-06 7.74671056861067e-07 7.07961843138933e-07
0.800424 1.30770671556098e-06 7.55318284439021e-07 6.95885115560979e-07
0.805570 1.29721706384987e-06 7.48070936150126e-07 6.90396163849874e-07
0.810728 1.27799747312637e-06 7.3455952687363e-07 6.79408973126369e-07
0.815899 1.26082534646331e-06 7.24320653536688e-07 6.68688746463312e-07
0.821083 1.23958841465885e-06 7.12492585341147e-07 6.57478614658853e-07
0.826280 1.2161575097188e-06 6.93135490281198e-07 6.47585509718803e-07
0.831491 1.19867302706625e-06 6.91259972933749e-07 6.35434427066251e-07
0.836715 1.18315746598037e-06 6.98268534019631e-07 6.21224265980369e-07
0.841952 1.16457130641839e-06 6.84178693581609e-07 6.11429706418391e-07
0.847204 1.13608013776263e-06 6.48007862237374e-07 6.01874337762626e-07
0.852469 1.12177386450542e-06 6.39854135494585e-07 5.93357664505415e-07
0.857749 1.09683310254809e-06 6.14971897451907e-07 5.82778602548093e-07
0.863044 1.08958341376981e-06 5.99458586230192e-07 5.80634913769807e-07
0.868353 1.07415254152509e-06 6.00822458474915e-07 5.65679041525085e-07
0.873677 1.05226964056634e-06 5.90411359433662e-07 5.50682340566338e-07
0.879017 1.03216693088003e-06 5.79390069119969e-07 5.3748293088003e-07
0.884371 1.01445318210448e-06 5.64573817895524e-07 5.28465782104476e-07
0.889741 9.92646919662058e-07 5.55332080337942e-07 5.15601119662058e-07
0.895127 9.70034361683989e-07 5.42987638316011e-07 5.03124961683989e-07
0.900529 9.49039300338734e-07 5.34738699661266e-07 4.91968600338734e-07
0.905947 9.3616713722455e-07 5.1686086277545e-07 4.89107637224551e-07
0.911381 9.14887302151079e-07 5.05332697848921e-07 4.76264502151079e-07
0.916832 8.8950024104518e-07 4.8959475895482e-07 4.6286384104518e-07
0.922300 8.55764453772211e-07 4.86607546227788e-07 4.39782853772212e-07
0.927784 8.33102187272342e-07 4.73214812727658e-07 4.29619087272342e-07
0.933286 7.94250853643692e-07 4.20348146356308e-07 4.19515753643692e-07
0.938804 7.76240226607679e-07 4.10362773392321e-07 4.09412226607679e-07
0.944340 7.63255153652029e-07 3.75541846347971e-07 4.10643453652029e-07
0.949894 7.37267673647514e-07 3.43271326352486e-07 4.00719573647514e-07
0.955466 6.87190754066286e-07 3.42258245933714e-07 3.65770554066286e-07
0.961056 6.66924256242718e-07 3.31225243757282e-07 3.54327756242718e-07
0.966664 5.74937243705521e-07 3.74146856294479e-07 2.77197843705521e-07
0.972290 6.10359789693404e-07 2.99137010306596e-07 3.24598789693404e-07
0.977935 5.80058544708369e-07 2.84082355291631e-07 3.08431044708369e-07
0.983599 4.92122222435933e-07 3.22783377564067e-07 2.36740822435933e-07
0.989282 5.36111152251088e-07 2.60295947748912e-07 2.86155052251088e-07
0.994984 4.95396813033362e-07 2.40561686966638e-07 2.65372913033362e-07
1.000705 4.84211175057168e-07 2.37744424942832e-07 2.57931675057168e-07
