0.129933 289.002042255157 142.819357744843 222.548962255157
0.138074 247.878033107965 128.311066892035 173.609313107965
0.145988 282.82857446341 68.4167255365897 200.18443446341
0.153699 258.81721923255 65.9371807674496 169.90474923255
0.161227 227.104245646935 85.9897543530647 129.210805646935
0.168589 225.855241693355 76.1683583066451 119.988141693355
0.175800 218.404592845724 68.531507154276 109.602992845724
0.182872 247.140824881147 24.0091751188527 139.285624881147
0.189818 220.290623882498 55.6106761175018 104.576923882498
0.196645 207.903003525354 44.1819964746462 96.2008035253538
0.203363 183.593532951819 54.4374670481809 74.8258329518191
0.209980 180.988887671796 46.8606123282041 74.4668876717959
0.216501 171.759778775593 43.1202212244073 69.1718787755927
0.222934 169.593250269434 39.211849730566 68.897650269434
0.229283 157.558030499079 34.8075695009207 63.5940204990793
0.235554 149.937229713402 34.4455702865983 60.0327697134017
0.241751 152.756619647041 44.4164803529589 56.4400796470411
0.247878 162.231138271325 31.4514617286753 66.9326582713247
0.253940 133.854125872634 47.1334741273656 43.7365558726344
0.259938 130.348955492999 46.0510445070007 42.0473854929993
0.265878 122.402447344043 44.1078526559572 38.7848573440428
0.271762 118.449976904918 44.3621230950818 36.2045569049182
0.277593 112.397475567241 41.7454244327591 34.4835255672409
0.283373 118.46234611939 30.5113538806098 43.1014461193902
0.289105 115.830006909052 29.4093930909484 42.1869769090516
0.294791 110.742452178475 27.8005478215247 39.7293221784753
0.300433 107.130544326543 27.2583556734568 38.2465143265432
0.306034 100.314117937316 24.6363820626842 35.9990079373158
0.311595 97.3249955424098 23.6111044575902 35.0129155424098
0.317118 81.6134467364065 32.1316532635935 22.8848367364065
0.322604 78.8543432909329 31.1237567090671 22.0328732909329
0.328056 74.9891820612713 29.5275179387287 21.1803720612713
0.333475 70.1083263048049 25.1178436951951 21.0719063048049
0.338862 67.498559059245 24.486500940755 19.995929059245
0.344218 63.715724268162 22.949435731838 18.884444268162
0.349546 61.6526071990684 22.2787528009316 18.3874771990684
0.354846 57.0689026526853 20.3407073473147 17.3214926526853
0.360119 55.4732056694043 19.6369743305957 16.9965056694043
0.365367 51.7427472851302 18.6619327148698 15.6699372851302
0.370590 50.5698692831208 17.9310907168792 15.5388292831208
0.375791 46.7751967080327 13.9913532919673 15.7095967080327
0.380969 45.1556612344396 13.4258087655604 15.2443012344396
0.386125 42.3716855586088 13.9072544413912 13.5721055586088
0.391261 40.8747318022301 13.0414581977699 13.2043318022301
0.396378 38.3512925654347 11.9368474345653 12.6087325654347
0.401477 36.6866465821262 11.5980834178738 11.9495965821262
0.406557 34.6892676260548 10.5340523739452 11.3515576260548
0.411620 33.3648217248586 10.1702382751414 10.9790517248586
0.416668 31.4662487492104 9.60086125078961 10.4248687492104
0.421700 30.3634001182634 9.10299988173664 10.1605901182634
0.426717 28.5017604319133 8.21451956808671 9.74750043191328
0.431720 27.410679254423 8.12446074557695 9.23263925442305
0.436709 25.9821637788885 7.73843622111154 8.71935377888845
0.441686 24.8350953005052 7.78011469949478 8.18668530050522
0.446651 23.6502213369579 7.80517866304214 7.53021133695786
0.451605 22.6256497178158 7.57090028218424 7.10595971781576
0.456547 21.9342120860857 7.03962791391429 7.07021208608571
0.461480 20.9046556815288 7.26012431847116 6.41636568152884
0.466402 20.1424026602149 6.34296733978506 6.50680266021494
0.471316 19.5038135203183 5.95376647968172 6.33742352031828
0.476221 18.457153821331 5.49178617866896 6.05448382133104
0.481118 18.1333477732341 4.99251222676594 6.13979777323406
0.486007 16.9959179825308 4.70609201746925 5.77794798253076
0.490889 16.4537363716407 4.67677362835931 5.5834063716407
0.495765 15.6859557492715 4.85849425072854 5.15320574927146
0.500634 15.7031087936976 4.31712120630245 5.44514879369755
0.505498 14.8800245079609 4.0561254920391 5.22649450796089
0.510357 14.4795515426643 3.74874845733575 5.18533154266425
0.515211 13.607186117072 3.36468388292795 4.95084311707205
0.520061 13.4594810255404 3.45566897445958 4.81808102554042
0.524907 12.7076058861695 3.26892411383054 4.58039788616946
0.529749 12.4278449359723 3.23727506402772 4.45654693597228
0.534589 11.4434598915327 3.47952010846733 3.88751289153267
0.539425 11.2360300389404 3.33419996105957 3.85967903894043
0.544260 10.6941137797775 2.80692622022247 3.88511577977753
0.549092 10.3166186420517 2.93381135794832 3.60921564205168
0.553923 9.84835235249865 2.75292764750135 3.47897835249865
0.558753 9.6426280472226 2.62250195277739 3.4417600472226
0.563582 9.2309286128218 2.5612013871782 3.2809186128218
0.568411 8.8993957863126 2.7382742136874 3.0228957863126
0.573240 8.53946253251255 2.65507746748745 2.88020453251255
0.578069 8.27865201743503 2.53285798256498 2.83276201743502
0.582898 7.95782852999827 2.37570147000173 2.74227752999827
0.587729 7.6505501921659 2.3904898078341 2.5827491921659
0.592561 7.42580464517514 2.32630235482486 2.50919764517514
0.597394 7.20638194000837 2.24671605999163 2.45425794000837
0.602229 7.07630490112583 2.42795709887417 2.30064290112583
0.607067 7.180851884956 1.806275115044 2.658258884956
0.611907 7.01097485267103 1.73025014732897 2.60391785267103
0.616750 6.77798641703988 1.67007058296012 2.51809541703988
0.621596 6.6434349812194 1.6380770187806 2.4754249812194
0.626446 6.43845902868256 1.59087597131744 2.39596002868256
0.631299 6.25511946686964 1.61778453313036 2.29540046686964
0.636157 6.03862438505974 1.58916861494026 2.21398838505974
0.641018 5.94552193560431 1.54890706439569 2.18900493560431
0.645885 5.71229469142707 1.45989530857293 2.11570469142707
0.650756 5.64913534183008 1.43747765816992 2.09673134183008
0.655632 5.42797322207049 1.39623877792951 2.01616822207049
0.660514 5.45515125519837 1.51194574480163 1.95409325519837
0.665401 5.27218924182465 1.42145575817535 1.92278524182465
0.670295 5.2172299137539 1.4373480862461 1.8753819137539
0.675194 5.11914655644166 1.28613144355834 1.90394855644166
0.680101 5.05947766154832 1.24017433845169 1.88587366154831
0.685013 4.80824901190894 1.25288798809106 1.75669001190894
0.689933 4.7355904875507 1.2363935124493 1.7152734875507
0.694860 4.62239652604216 1.13199647395784 1.71416352604216
0.699795 4.20118232514368 1.46561667485632 1.33223232514368
0.704737 4.32202838779012 1.15151061220988 1.55732838779012
0.709687 4.02280900152426 1.37226199847574 1.29583400152426
0.714646 3.88679972685459 1.32702627314541 1.25317972685459
0.719613 3.78892652129774 1.32902847870227 1.19517452129774
0.724589 3.64437684415151 1.30284815584849 1.13908384415151
0.729573 3.64295074488603 1.21681925511397 1.17859074488603
0.734567 3.51052762564184 1.17963837435816 1.13730062564184
0.739570 3.47736446291717 1.24761153708283 1.07970746291717
0.744583 3.26299562434201 0.973153375657987 1.11310262434201
0.749606 3.22511913064739 0.952910869352614 1.10406913064739
0.754639 3.1337539949278 0.884691005072196 1.0910069949278
0.759682 3.07107802465206 0.882196975347939 1.05695102465206
0.764735 2.97324406757439 0.822850932425607 1.04151206757439
0.769800 2.95818601891681 0.884435981083187 0.992843018916814
0.774875 2.93035896108856 0.969434038911441 0.935579961088559
0.779962 2.7769618061391 0.838870193860903 0.925247806139097
0.785060 2.67437455055828 0.814876449441722 0.889467550558278
0.790169 2.63526772531325 0.786402274686754 0.878206725313246
0.795291 2.52022398877761 0.694289011222392 0.871219988777608
0.800424 2.51129529586889 0.766673704131111 0.824494295868889
0.805570 2.42077973070024 0.724707269299763 0.798029730700237
0.810728 2.35989997020031 0.667348029799691 0.797215970200309
0.815899 2.28232090967113 0.652944090328868 0.762671909671133
0.821083 2.2155741614024 0.633123838597599 0.7370941614024
0.826280 2.13575963978161 0.618217360218391 0.711848639781609
0.831491 2.09880594404335 0.61092705595665 0.69724494404335
0.836715 2.02661655191861 0.592473448081388 0.672518551918612
0.841952 1.96969303886733 0.575639961132668 0.654272038867332
0.847204 1.83521276344681 0.567332236553192 0.592789763446808
0.852469 1.78192745455823 0.543845545441769 0.580732454558231
0.857749 1.74090915115184 0.559140848848163 0.553820151151837
0.863044 1.69203936114376 0.536235638856237 0.539723361143764
0.868353 1.65520904163723 0.530771958362765 0.526693041637234
0.873677 1.73041690372203 0.40376709627797 0.637028903722029
0.879017 1.69066102365915 0.383479976340848 0.631268023659152
0.884371 1.60241845756444 0.391300542435557 0.586994457564443
0.889741 1.56246100911076 0.387996990889236 0.572107009110764
0.895127 1.43282331934095 0.31945868065905 0.54952881934095
0.900529 1.39323183746578 0.305542162534222 0.536970037465778
0.905947 1.32000230293275 0.310900697067249 0.504145002932751
0.911381 1.31738249811686 0.327012501883141 0.497313898116859
0.916832 1.24622215586619 0.302030844133808 0.476639755866192
0.922300 1.19637804407837 0.288649955921631 0.462384244078369
0.927784 1.13167342055806 0.262238579441939 0.450085120558061
0.933286 1.07842387388385 0.288181126116149 0.419151173883851
0.938804 1.04627937494538 0.244464625054619 0.429302074945382
0.944340 0.964793308533231 0.249814691466768 0.392668108533231
0.949894 0.926905657275641 0.253516342724359 0.377362357275641
0.955466 0.860597339938812 0.258138660061188 0.349161039938812
0.961056 0.818770369175297 0.248344630824703 0.337420369175297
0.966664 0.738188007933255 0.227917192066745 0.314670807933255
0.972290 0.682552016717091 0.225054783282909 0.293416016717091
0.977935 0.637649604884776 0.225950795115224 0.282229604884776
0.983599 0.59302880180962 0.21534869819038 0.27680560180962
0.989282 0.553362642551308 0.208755957448692 0.267568542551308
0.994984 0.425692835123926 0.170393464876074 0.224639535123926
1.000705 0.468558338923738 0.165226461076262 0.246934538923738
