0.062500 0.001124 0.001988 0.001086
0.073864 0.017523 0.017835 0.013435
0.084418 0.040534 0.016997 0.026577
0.094356 0.063430 0.026749 0.031223
0.103801 0.102091 0.021844 0.058896
0.112839 0.152645 0.037071 0.075818
0.121533 0.222620 0.048798 0.106506
0.129933 0.294292 0.077020 0.123544
0.138074 0.348146 0.094918 0.142092
0.145988 0.423274 0.133529 0.161240
0.153699 0.529905 0.156571 0.200935
0.161227 0.625161 0.174858 0.257179
0.168589 0.710932 0.217120 0.267576
0.175800 0.812687 0.236900 0.308961
0.182872 0.931990 0.261827 0.366163
0.189818 1.064645 0.285849 0.426508
0.196645 1.115756 0.329183 0.415976
0.203363 1.432724 0.202830 0.628768
0.209980 1.598930 0.201910 0.726735
0.216501 1.516399 0.337310 0.609637
0.222934 1.702995 0.348304 0.704108
0.229283 1.863694 0.376808 0.764008
0.235554 1.923516 0.440211 0.741270
0.241751 2.149321 0.441184 0.848387
0.247878 2.241585 0.383948 0.965855
0.253940 2.385180 0.410863 1.023503
0.259938 2.627456 0.454292 1.115884
0.265878 2.677295 0.478120 1.121733
0.271762 2.935597 0.501961 1.231784
0.277593 3.114902 0.481194 1.330936
0.283373 3.296042 0.535791 1.369294
0.289105 3.544616 0.608772 1.417635
0.294791 3.673032 0.623500 1.455181
0.300433 3.944827 0.642387 1.584812
0.306034 3.555626 1.131526 1.136203
0.311595 3.819864 1.240656 1.170941
0.317118 4.014121 1.185105 1.313343
0.322604 4.225976 1.207627 1.405694
0.328056 4.449878 1.382938 1.344975
0.333475 4.564242 1.507247 1.331682
0.338862 4.744409 1.560672 1.411430
0.344218 4.955863 1.504775 1.541884
0.349546 5.161014 1.628859 1.606530
0.354846 6.338679 0.581366 2.683203
0.360119 5.609224 1.728189 1.739680
0.365367 5.675146 1.753457 1.781002
0.370590 6.087501 1.994769 1.727532
0.375791 6.074210 1.871352 1.926190
0.380969 6.342647 2.007253 1.940728
0.386125 6.458619 2.019940 1.985619
0.391261 6.663591 1.968936 2.194696
0.396378 8.136926 0.638581 3.578375
0.401477 8.384180 0.737732 3.596735
0.406557 8.497863 0.768398 3.620298
0.411620 8.711740 0.781304 3.720833
0.416668 8.800840 0.849084 3.729757
0.421700 9.025868 0.888562 3.780615
0.426717 9.134213 0.878507 3.840990
0.431720 9.347405 0.945095 3.877246
0.436709 9.417130 0.947280 3.907604
0.441686 9.613244 0.948016 3.996138
0.446651 9.683085 0.943005 4.038692
0.451605 9.835799 0.949271 4.100810
0.456547 9.627100 1.079150 3.977012
0.461480 9.711370 1.068970 4.001543
0.466402 9.668136 1.075374 3.964982
0.471316 9.777632 1.067988 4.031031
0.476221 9.715432 1.102158 3.971020
0.481118 9.780999 1.128651 3.980314
0.486007 9.663891 1.107759 3.956541
0.490889 9.721568 1.094162 4.018043
0.495765 9.623843 1.078947 3.962219
0.500634 9.645435 1.048395 3.992441
0.505498 9.511288 1.019972 3.958780
0.510357 9.552197 1.014283 3.974180
0.515211 9.377234 0.998166 3.906908
0.520061 9.393584 1.003616 3.911302
0.524907 9.237393 1.023227 3.813561
0.529749 9.249520 1.015260 3.817113
0.534589 9.080601 0.986379 3.755313
0.539425 8.995548 1.005502 3.749278
0.544260 8.824497 0.990640 3.687423
0.549092 8.804479 1.004843 3.655980
0.553923 8.766378 0.767390 3.803206
0.558753 8.689203 0.752533 3.778603
0.563582 8.626410 0.865788 3.576271
0.568411 8.550074 0.863456 3.530164
0.573240 8.350347 0.759406 3.551867
0.578069 8.239243 0.759319 3.472164
0.582898 8.108025 0.764774 3.402604
0.587729 7.974632 0.786730 3.314872
0.592561 7.897084 0.747966 3.288950
0.597394 7.752067 0.741202 3.224202
0.602229 7.620427 0.721432 3.177871
0.607067 7.495026 0.718078 3.114030
0.611907 7.366993 0.669623 3.104816
0.616750 7.204421 0.693306 3.000878
0.621596 7.000284 0.771158 2.868922
0.626446 6.868341 0.743308 2.811399
0.631299 6.754862 0.737518 2.766402
0.636157 6.603766 0.726140 2.713638
0.641018 6.497126 0.748958 2.632632
0.645885 6.341222 0.726799 2.566550
0.650756 6.218199 0.755471 2.501494
0.655632 6.071626 0.739997 2.439121
0.660514 6.005773 0.714003 2.427508
0.665401 5.843595 0.630099 2.440206
0.670295 5.760623 0.614303 2.417060
0.675194 5.617217 0.597631 2.363362
0.680101 5.535631 0.583807 2.337917
0.685013 5.401055 0.562444 2.294392
0.689933 5.308582 0.518091 2.299448
0.694860 5.171575 0.502914 2.233872
0.699795 4.386079 1.205013 1.493064
0.704737 4.274216 1.156459 1.469071
0.709687 4.202014 1.142262 1.438587
0.714646 4.097520 1.118735 1.402419
0.719613 4.053355 1.081759 1.404136
0.724589 3.951760 1.061014 1.367431
0.729573 3.890341 1.039210 1.354132
0.734567 3.780705 1.007623 1.332597
0.739570 3.725381 1.001547 1.302343
0.744583 3.632618 0.977454 1.267561
0.749606 3.579986 0.965261 1.243537
0.754639 3.495176 0.927776 1.223409
0.759682 3.431084 0.911078 1.201378
0.764735 3.345871 0.887701 1.167184
0.769800 3.287075 0.873285 1.148455
0.774875 3.202870 0.859583 1.120509
0.779962 3.149173 0.851288 1.099030
0.785060 3.073748 0.831987 1.078130
0.790169 3.009170 0.842140 1.028565
0.795291 3.120861 0.645321 1.179038
0.800424 3.063366 0.632895 1.155912
0.805570 3.272378 0.366126 1.382512
0.810728 3.208734 0.351762 1.357549
0.815899 3.055706 0.417376 1.252178
0.821083 2.999261 0.411028 1.226744
0.826280 2.920511 0.443058 1.154152
0.831491 2.862221 0.435581 1.124529
0.836715 2.787651 0.410126 1.108370
0.841952 2.509775 0.617184 0.867562
0.847204 2.441827 0.598773 0.852666
0.852469 2.587367 0.376907 1.037620
0.857749 2.335160 0.543803 0.831486
0.863044 2.284284 0.545860 0.800674
0.868353 2.234494 0.523532 0.792248
0.873677 2.167827 0.509139 0.773785
0.879017 2.107627 0.493913 0.757859
0.884371 2.053325 0.518977 0.694313
0.889741 2.013474 0.491492 0.691728
0.895127 1.922160 0.478839 0.661750
0.900529 1.866361 0.452679 0.662412
0.905947 1.805518 0.419287 0.654707
0.911381 1.748304 0.416338 0.629466
0.916832 1.678857 0.398734 0.607774
0.922300 1.602965 0.383394 0.591640
0.927784 1.537818 0.364183 0.571157
0.933286 1.470893 0.347146 0.549567
0.938804 1.412286 0.325243 0.533139
0.944340 1.348790 0.285882 0.530904
0.949894 1.310987 0.264293 0.526974
0.955466 1.208801 0.245545 0.497558
0.961056 1.153003 0.245050 0.471867
0.966664 1.079047 0.221469 0.443532
0.972290 1.012667 0.217681 0.415429
0.977935 0.923100 0.226212 0.369425
0.983599 0.843756 0.210985 0.340923
0.989282 0.813807 0.190024 0.333566
0.994984 0.692803 0.179700 0.288566
1.000705 0.746013 0.148679 0.338292
