0.062500 0.000094 0.000191 0.000092
0.073864 0.001179 0.000951 0.001035
0.084418 0.001984 0.000971 0.001244
0.094356 0.002846 0.000929 0.001787
0.103801 0.003631 0.001288 0.002563
0.112839 0.005715 0.002176 0.003141
0.121533 0.008567 0.002034 0.004969
0.129933 0.009747 0.002905 0.005678
0.138074 0.010539 0.003752 0.006299
0.145988 0.012908 0.004705 0.007212
0.153699 0.013656 0.006584 0.007258
0.161227 0.015920 0.007340 0.008342
0.168589 0.017222 0.007425 0.009576
0.175800 0.018571 0.008576 0.009818
0.182872 0.019939 0.008810 0.011300
0.189818 0.021544 0.010285 0.011461
0.196645 0.021805 0.010517 0.011523
0.203363 0.024061 0.011495 0.012806
0.209980 0.026282 0.011857 0.014333
0.216501 0.030460 0.011332 0.015215
0.222934 0.032966 0.011804 0.016436
0.229283 0.035933 0.010879 0.018857
0.235554 0.036772 0.010503 0.019434
0.241751 0.037286 0.013655 0.018093
0.247878 0.039097 0.014198 0.018254
0.253940 0.040425 0.014745 0.018825
0.259938 0.043599 0.015742 0.019833
0.265878 0.043382 0.015727 0.020028
0.271762 0.046841 0.016610 0.021272
0.277593 0.049432 0.018587 0.020298
0.283373 0.051797 0.018441 0.021744
0.289105 0.053962 0.019568 0.022294
0.294791 0.055621 0.020507 0.022152
0.300433 0.064933 0.014993 0.029633
0.306034 0.066544 0.012832 0.032071
0.311595 0.063816 0.020147 0.026666
0.317118 0.066262 0.021148 0.026736
0.322604 0.069786 0.017783 0.031702
0.328056 0.074367 0.017817 0.033064
0.333475 0.076610 0.019272 0.032812
0.338862 0.079537 0.019684 0.033757
0.344218 0.082615 0.019242 0.035492
0.349546 0.092727 0.017035 0.039317
0.354846 0.093913 0.016175 0.040968
0.360119 0.095976 0.013475 0.045536
0.365367 0.094580 0.012869 0.046908
0.370590 0.098858 0.013866 0.047833
0.375791 0.101503 0.015790 0.046529
0.380969 0.103363 0.016017 0.048011
0.386125 0.105219 0.016637 0.048031
0.391261 0.108831 0.017297 0.048927
0.396378 0.110317 0.017752 0.049056
0.401477 0.117086 0.018960 0.049448
0.406557 0.114945 0.014280 0.054388
0.411620 0.117969 0.014846 0.055338
0.416668 0.117516 0.014511 0.056249
0.421700 0.119900 0.014142 0.057853
0.426717 0.121128 0.015402 0.057425
0.431720 0.116175 0.025368 0.048680
0.436709 0.117585 0.025305 0.049437
0.441686 0.118529 0.024629 0.051203
0.446651 0.119740 0.025156 0.051538
0.451605 0.123515 0.026628 0.051260
0.456547 0.123845 0.025757 0.052076
0.461480 0.124188 0.027191 0.051307
0.466402 0.125549 0.027613 0.051048
0.471316 0.132423 0.026599 0.053744
0.476221 0.132930 0.025823 0.054632
0.481118 0.134455 0.025660 0.055183
0.486007 0.135253 0.025911 0.055784
0.490889 0.134175 0.026588 0.055563
0.495765 0.136756 0.025240 0.057145
0.500634 0.138554 0.025359 0.058009
0.505498 0.139406 0.025117 0.059091
0.510357 0.138027 0.027877 0.057797
0.515211 0.137910 0.031639 0.054112
0.520061 0.140343 0.034550 0.051695
0.524907 0.135218 0.040649 0.046111
0.529749 0.142148 0.035985 0.051492
0.534589 0.140904 0.035996 0.051305
0.539425 0.141127 0.037456 0.050878
0.544260 0.141906 0.037574 0.051008
0.549092 0.143574 0.037681 0.051432
0.553923 0.139657 0.031602 0.057835
0.558753 0.141542 0.031213 0.058774
0.563582 0.141922 0.031376 0.058813
0.568411 0.142152 0.032027 0.058704
0.573240 0.139402 0.035138 0.055638
0.578069 0.143305 0.032064 0.059061
0.582898 0.144842 0.031309 0.059881
0.587729 0.141684 0.034604 0.056844
0.592561 0.142008 0.034758 0.056970
0.597394 0.145192 0.041023 0.050925
0.602229 0.146228 0.039979 0.051993
0.607067 0.146215 0.040094 0.051767
0.611907 0.146357 0.040024 0.051705
0.616750 0.146042 0.039820 0.051779
0.621596 0.146339 0.040028 0.051686
0.626446 0.146661 0.038356 0.053256
0.631299 0.147171 0.038921 0.052654
0.636157 0.147017 0.038743 0.052849
0.641018 0.147508 0.037839 0.053783
0.645885 0.147688 0.038676 0.052606
0.650756 0.147186 0.037675 0.053542
0.655632 0.146582 0.038079 0.053044
0.660514 0.146727 0.038011 0.052902
0.665401 0.146253 0.037761 0.052916
0.670295 0.146385 0.038405 0.052147
0.675194 0.148142 0.037409 0.052877
0.680101 0.145964 0.038841 0.050982
0.685013 0.146368 0.037622 0.051795
0.689933 0.145850 0.037675 0.052017
0.694860 0.144829 0.036687 0.052786
0.699795 0.144085 0.036105 0.052865
0.704737 0.141950 0.033078 0.055541
0.709687 0.143644 0.030573 0.057649
0.714646 0.141626 0.031806 0.055866
0.719613 0.142036 0.030834 0.056572
0.724589 0.140858 0.032958 0.053944
0.729573 0.140673 0.030886 0.055453
0.734567 0.140113 0.030534 0.055080
0.739570 0.138933 0.030424 0.054487
0.744583 0.138250 0.030078 0.054259
0.749606 0.136711 0.030360 0.053454
0.754639 0.137040 0.029131 0.054281
0.759682 0.135491 0.028159 0.054449
0.764735 0.134752 0.028180 0.053719
0.769800 0.134918 0.030335 0.050746
0.774875 0.132585 0.027818 0.052829
0.779962 0.132761 0.028818 0.050911
0.785060 0.131530 0.028188 0.050611
0.790169 0.132706 0.025083 0.052484
0.795291 0.131656 0.025219 0.051639
0.800424 0.127933 0.027220 0.048628
0.805570 0.125189 0.029067 0.046036
0.810728 0.125553 0.026913 0.047527
0.815899 0.124393 0.027531 0.046338
0.821083 0.123591 0.026484 0.046465
0.826280 0.122218 0.026184 0.045852
0.831491 0.120827 0.025799 0.045305
0.836715 0.119412 0.025352 0.045043
0.841952 0.118089 0.024809 0.044508
0.847204 0.116546 0.024399 0.043824
0.852469 0.115066 0.024154 0.043179
0.857749 0.111566 0.025591 0.040857
0.863044 0.110163 0.025298 0.040228
0.868353 0.108442 0.025332 0.039483
0.873677 0.107858 0.023724 0.040099
0.879017 0.106367 0.023541 0.039347
0.884371 0.103699 0.021381 0.040069
0.889741 0.101079 0.024026 0.036152
0.895127 0.104776 0.017329 0.041227
0.900529 0.096833 0.023302 0.034365
0.905947 0.094415 0.020826 0.035309
0.911381 0.091567 0.020066 0.034721
0.916832 0.089021 0.019257 0.033788
0.922300 0.086514 0.018568 0.032956
0.927784 0.086364 0.015557 0.034433
0.933286 0.085199 0.013400 0.034837
0.938804 0.081267 0.014293 0.032609
0.944340 0.079064 0.012372 0.032596
0.949894 0.075345 0.013542 0.030265
0.955466 0.076413 0.005975 0.035221
0.961056 0.073770 0.005991 0.033922
0.966664 0.069983 0.006535 0.031249
0.972290 0.066459 0.006053 0.029901
0.977935 0.059003 0.009404 0.024566
0.983599 0.054241 0.007440 0.024251
0.989282 0.051200 0.007491 0.022485
0.994984 0.046182 0.007112 0.019887
1.000705 0.047735 0.006915 0.020987
