0.265878 101.304166 61.798134 80.154106
0.271762 90.375726 60.205774 69.707736
0.277593 81.208668 49.645332 64.932618
0.283373 72.855798 47.618302 56.618708
0.289105 68.427417 46.211083 50.562317
0.294791 58.303077 40.231443 46.323907
0.300433 54.478459 37.048051 43.502279
0.306034 52.350616 29.158064 41.518756
0.311595 48.265005 26.697885 38.761496
0.317118 43.496355 23.894395 34.907298
0.322604 36.931645 25.211645 29.738497
0.328056 34.044504 24.626696 26.706892
0.333475 31.175199 22.727621 24.887026
0.338862 28.225850 22.542560 22.388805
0.344218 27.311517 19.027793 22.270020
0.349546 28.851624 16.784206 22.388648
0.354846 25.750409 13.489671 21.772719
0.360119 25.086708 12.714562 21.013838
0.365367 18.197788 15.744162 15.219672
0.370590 17.280072 15.659198 13.919061
0.375791 16.066016 14.874774 12.927756
0.380969 15.380592 14.590348 12.187572
0.386125 14.561612 13.727128 11.476991
0.391261 14.121410 12.912240 11.128311
0.396378 14.517614 12.012576 10.616038
0.401477 13.637230 11.808470 9.668888
0.406557 12.891728 11.348212 8.913335
0.411620 13.110625 10.748165 8.678235
0.416668 12.530813 9.641217 8.715475
0.421700 11.727974 9.453136 8.325332
0.426717 11.181343 8.316157 8.491594
0.431720 11.178448 7.870332 8.359112
0.436709 13.131327 5.422073 10.365890
0.441686 13.445467 5.146913 10.292185
0.446651 13.567129 4.084501 10.776318
0.451605 12.332092 5.030758 9.418005
0.456547 12.074596 4.974904 9.013795
0.461480 12.068832 4.112948 9.476058
0.466402 11.948023 4.460867 8.629829
0.471316 11.850325 4.532475 8.259729
0.476221 11.170121 4.661359 7.594266
0.481118 11.615956 3.355964 8.598703
0.486007 11.267092 3.252728 8.323352
0.490889 11.180666 3.133424 8.246398
0.495765 10.768048 2.984442 7.978572
0.500634 10.697143 2.999717 7.971689
0.505498 10.282783 3.826557 6.764400
0.510357 10.463735 3.859555 6.600480
0.515211 9.741838 3.424732 6.517135
0.520061 9.687107 3.317883 6.452517
0.524907 9.547098 3.384842 6.060778
0.529749 9.512745 3.331175 5.956764
0.534589 9.220703 3.095107 5.871534
0.539425 9.140642 3.032668 5.808767
0.544260 8.918394 2.996606 5.584803
0.549092 8.811453 2.888487 5.529468
0.553923 8.477025 2.851645 5.295708
0.558753 8.402839 2.652951 5.340271
0.563582 8.235069 2.576191 5.226496
0.568411 8.112974 2.429086 5.170927
0.573240 8.086211 2.745449 4.592547
0.578069 8.095354 2.557306 4.600098
0.582898 7.717982 2.494178 4.428756
0.587729 7.730891 2.412599 4.347496
0.592561 7.726925 2.043374 4.555679
0.597394 7.529324 2.071632 4.319160
0.602229 7.424083 1.755799 4.399625
0.607067 7.114695 1.885182 4.156907
0.611907 6.921549 1.810372 4.040695
0.616750 6.551876 1.992758 3.745499
0.621596 6.432635 1.939041 3.651265
0.626446 6.138155 1.577325 3.901433
0.631299 6.170935 1.440034 3.880046
0.636157 5.980027 1.331093 3.814977
0.641018 5.849214 1.330941 3.694406
0.645885 5.638056 1.298661 3.555797
0.650756 5.522399 1.661930 3.063075
0.655632 5.336980 1.596723 2.938464
0.660514 5.243777 1.531227 2.908085
0.665401 5.041750 1.397246 2.873745
0.670295 4.908797 1.396811 2.760908
0.675194 4.701553 1.297530 2.715128
0.680101 4.637837 1.282270 2.612486
0.685013 4.472220 1.258920 2.484102
0.689933 4.309036 1.301087 2.347532
0.694860 4.132387 1.253728 2.250147
0.699795 4.708800 0.585495 2.845981
0.704737 4.464637 0.656002 2.664224
0.709687 4.432649 0.618145 2.617704
0.714646 4.237659 0.579241 2.528937
0.719613 4.158333 0.587909 2.448837
0.724589 3.980480 0.553273 2.357885
0.729573 3.811795 0.409457 2.438401
0.734567 3.671336 0.424662 2.308066
0.739570 3.595868 0.417705 2.238220
0.744583 3.444284 0.370693 2.168119
0.749606 3.368716 0.366498 2.101609
0.754639 3.216806 0.357530 2.018461
0.759682 2.658703 0.799624 1.512859
0.764735 2.541273 0.750194 1.465801
0.769800 2.491594 0.720502 1.417003
0.774875 2.376461 0.682481 1.367454
0.779962 2.338707 0.633492 1.349148
0.785060 2.222542 0.631503 1.267476
0.790169 2.131162 0.652625 1.181058
0.795291 2.013750 0.615037 1.130330
0.800424 1.988198 0.604106 1.104206
0.805570 1.957073 0.701496 0.927968
0.810728 1.896553 0.682628 0.895977
0.815899 1.802982 0.667658 0.835547
0.821083 1.736763 0.623311 0.826800
0.826280 1.651784 0.599633 0.781299
0.831491 1.603134 0.574359 0.758483
0.836715 1.541661 0.545113 0.728892
0.841952 1.486962 0.536303 0.688189
0.847204 1.413550 0.522888 0.650881
0.852469 1.358745 0.513214 0.611622
0.857749 1.283729 0.454994 0.622231
0.863044 1.207083 0.452732 0.576128
0.868353 1.160765 0.433036 0.554696
0.873677 1.113851 0.405637 0.536421
0.879017 1.051653 0.381645 0.524364
0.884371 0.994614 0.378158 0.480194
0.889741 0.963271 0.377114 0.451307
0.895127 0.890633 0.333555 0.447348
0.900529 0.862964 0.323473 0.428184
0.905947 0.804321 0.310723 0.397896
0.911381 0.771208 0.289286 0.387886
0.916832 0.718255 0.280616 0.359970
0.922300 0.769175 0.178464 0.432264
0.927784 0.731885 0.158908 0.421195
0.933286 0.683193 0.155874 0.396423
0.938804 0.649591 0.155728 0.368645
0.944340 0.578626 0.198073 0.294593
0.949894 0.542393 0.171470 0.297559
0.955466 0.504353 0.171234 0.259972
0.961056 0.482379 0.161270 0.252041
0.966664 0.425971 0.145112 0.237544
0.972290 0.393711 0.146828 0.213960
0.977935 0.350504 0.136553 0.200668
0.983599 0.309852 0.134235 0.178082
0.989282 0.280342 0.124837 0.169273
0.994984 0.204132 0.138653 0.126638
1.000705 0.171513 0.118172 0.123608
